"","T primary-CCF-WES","T recurrent-CCF-WES","T primary-TES1","T recurrent-TES1","T recurrent-TES2","SVZ primary-WES","SVZ recurrent-WES","SVZ primary-TES1","SVZ primary-TES2","SVZ recurrent-TES2","M primary-WES","M recurrent-WES","M primary-TES1","M recurrent-TES1","M primary-TES2","M recurrent-TES2"
"chr1_3397145",1,1,NA,NA,1,0,0,NA,0,0,1,0,NA,NA,1,0
"chr1_19166493",1,1,1,1,1,1,0,1,0,1,1,0,1,0,1,0
"chr1_26380354",1,1,NA,NA,NA,1,0,NA,NA,NA,1,0,NA,NA,NA,NA
"chr1_32050631",1,1,1,1,1,1,0,1,0,1,1,0,1,0,1,0
"chr1_39799837",1,1,NA,NA,1,0,0,NA,0,1,1,0,NA,NA,1,0
"chr1_74929214",1,1,1,1,1,1,0,1,0,1,1,0,1,0,1,0
"chr1_150967779",1,1,1,1,1,1,0,1,0,1,0,0,1,0,1,0
"chr1_182635996",1,1,NA,NA,NA,1,1,NA,NA,NA,1,0,NA,NA,NA,NA
"chr1_227288838",1,1,1,1,1,0,0,0,0,1,0,0,0,0,0,0
"chr2_3743405",1,1,1,1,1,0,1,0,0,1,1,0,1,0,1,0
"chr2_119726809",1,1,NA,NA,1,1,0,NA,0,1,1,0,NA,NA,1,0
"chr3_38802145",1,1,NA,NA,NA,1,1,NA,NA,NA,1,0,NA,NA,NA,NA
"chr3_108724144",1,1,1,1,1,1,1,1,0,1,1,0,1,0,1,0
"chr3_147131382",1,1,NA,NA,NA,1,1,NA,NA,NA,1,0,NA,NA,NA,NA
"chr3_155232562",1,1,1,1,1,0,0,0,0,0,1,0,1,0,1,0
"chr3_170078494",1,1,NA,NA,1,1,1,NA,0,1,1,0,NA,NA,1,0
"chr4_188924640",1,1,1,1,1,1,1,1,0,0,1,0,1,0,1,0
"chr5_19473643",1,1,1,1,1,0,0,0,0,1,0,0,0,0,0,0
"chr5_35759683",1,1,1,1,1,1,1,1,0,1,1,0,1,0,1,0
"chr5_128301957",1,1,1,1,1,0,1,0,0,0,1,0,1,0,1,0
"chr5_147516643",1,1,NA,NA,NA,1,1,NA,NA,NA,1,0,NA,NA,NA,NA
"chr5_160097490",1,1,1,1,1,1,1,1,0,1,1,0,1,0,1,0
"chr6_28268690",1,1,NA,NA,1,1,1,NA,0,0,1,0,NA,NA,1,0
"chr6_28358276",1,1,NA,NA,NA,1,1,NA,NA,NA,1,0,NA,NA,NA,NA
"chr6_28402827",1,1,1,1,1,1,0,1,0,0,1,0,1,0,1,0
"chr6_29855917",1,1,NA,NA,NA,1,1,NA,NA,NA,0,0,NA,NA,NA,NA
"chr6_29855919",1,1,NA,NA,NA,1,1,NA,NA,NA,0,0,NA,NA,NA,NA
"chr6_32630047",1,1,NA,NA,NA,0,0,NA,NA,NA,0,0,NA,NA,NA,NA
"chr6_34003954",1,1,1,1,1,1,0,1,0,1,1,0,1,0,1,0
"chr6_51640641",1,1,1,1,1,1,1,1,0,1,1,0,1,0,1,0
"chr6_86267634",1,1,NA,NA,NA,1,1,NA,NA,NA,1,0,NA,NA,NA,NA
"chr6_149394978",1,1,1,1,1,1,0,1,0,1,1,0,1,0,1,0
"chr7_116395510",1,1,NA,NA,1,1,0,NA,0,1,1,0,NA,NA,1,0
"chr7_142750116",1,1,NA,NA,1,1,1,NA,0,1,1,0,NA,NA,1,0
"chr8_37623879",1,1,NA,NA,NA,1,1,NA,NA,NA,1,0,NA,NA,NA,NA
"chr8_43155706",1,1,NA,NA,NA,0,0,NA,NA,NA,1,0,NA,NA,NA,NA
"chr8_117864364",1,1,NA,NA,NA,1,1,NA,NA,NA,1,0,NA,NA,NA,NA
"chr8_144808396",1,1,NA,NA,1,0,0,NA,0,0,1,0,NA,NA,1,0
"chr10_19641056",1,1,1,1,NA,1,0,1,NA,NA,1,0,1,0,NA,NA
"chr11_4935883",1,1,NA,NA,NA,0,1,NA,NA,NA,1,0,NA,NA,NA,NA
"chr11_55872750",1,1,0,1,NA,0,1,0,NA,NA,1,0,0,0,NA,NA
"chr11_57155308",1,1,1,1,1,1,0,1,0,0,0,0,1,0,1,0
"chr11_64884488",1,1,1,1,0,1,0,1,0,0,1,0,1,0,0,0
"chr11_84245768",1,1,1,1,1,1,1,1,0,1,1,0,1,0,1,0
"chr12_53911146",1,1,NA,NA,NA,1,1,NA,NA,NA,1,0,NA,NA,NA,NA
"chr12_59280703",1,1,NA,NA,NA,0,1,NA,NA,NA,0,0,NA,NA,NA,NA
"chr12_68674498",1,1,NA,NA,NA,1,1,NA,NA,NA,1,0,NA,NA,NA,NA
"chr12_91497960",1,1,NA,NA,1,1,0,NA,0,1,1,0,NA,NA,1,0
"chr13_102366873",1,1,NA,NA,1,1,1,NA,0,1,1,0,NA,NA,1,0
"chr14_30105557",1,1,1,1,1,1,1,1,0,1,1,0,1,0,1,0
"chr14_50605411",1,1,NA,NA,1,1,0,NA,0,1,1,0,NA,NA,1,0
"chr14_65236392",1,1,1,1,1,0,1,1,0,0,1,0,1,0,1,0
"chr15_24921835",1,1,1,1,1,1,1,1,0,0,1,0,1,0,1,0
"chr15_30064396",1,1,NA,NA,NA,0,0,NA,NA,NA,1,0,NA,NA,NA,NA
"chr15_48452028",1,1,NA,NA,NA,0,1,NA,NA,NA,1,0,NA,NA,NA,NA
"chr15_51766596",1,1,NA,NA,1,1,1,NA,0,0,1,0,NA,NA,1,0
"chr15_89414740",1,1,NA,NA,1,1,0,NA,0,1,1,0,NA,NA,1,0
"chr16_31131659",1,1,NA,NA,1,0,0,NA,0,0,0,0,NA,NA,0,0
"chr16_87938440",1,1,NA,NA,NA,1,0,NA,NA,NA,1,0,NA,NA,NA,NA
"chr17_1559726",1,1,1,1,1,1,0,1,0,1,1,0,1,0,1,0
"chr17_13400053",1,1,1,1,1,0,0,0,0,1,1,0,1,0,1,0
"chr18_34647449",1,1,NA,NA,1,0,0,NA,0,1,1,0,NA,NA,1,0
"chr18_46190273",1,1,NA,NA,NA,0,1,NA,NA,NA,0,0,NA,NA,NA,NA
"chr19_38376636",1,1,1,1,1,1,0,1,0,0,1,0,1,0,1,0
"chr19_53761868",1,1,NA,NA,1,1,0,NA,0,1,1,0,NA,NA,1,0
"chr19_55752353",1,1,1,1,1,0,0,1,0,1,1,0,1,0,1,0
"chr20_6012645",1,1,NA,NA,NA,0,1,NA,NA,NA,1,0,NA,NA,NA,NA
"chr21_11026995",1,1,NA,NA,NA,1,0,NA,NA,NA,1,0,NA,NA,NA,NA
"chr21_34963373",1,1,NA,NA,NA,1,0,NA,NA,NA,1,0,NA,NA,NA,NA
"chr21_41384939",1,1,NA,NA,NA,1,0,NA,NA,NA,1,0,NA,NA,NA,NA
"chr21_43693584",1,1,NA,NA,NA,1,1,NA,NA,NA,1,1,NA,NA,NA,NA
"chr2_37036076",1,0,NA,NA,0,0,0,NA,0,0,1,0,NA,NA,1,0
"chr2_70528092",1,0,NA,NA,NA,1,0,NA,NA,NA,1,0,NA,NA,NA,NA
"chr2_70528095",1,0,NA,NA,NA,0,0,NA,NA,NA,1,0,NA,NA,NA,NA
"chr3_49723379",1,0,NA,NA,NA,1,1,NA,NA,NA,0,0,NA,NA,NA,NA
"chr3_49723399",1,0,NA,NA,NA,1,1,NA,NA,NA,0,0,NA,NA,NA,NA
"chr19_54724006",1,0,NA,NA,NA,0,1,NA,NA,NA,0,1,NA,NA,NA,NA
"chr1_1268487",0,1,0,1,1,0,1,0,0,0,0,0,0,0,0,0
"chr1_10397531",0,1,0,1,1,0,1,0,0,0,0,0,0,0,0,0
"chr1_12061821",0,1,NA,NA,NA,0,0,NA,NA,NA,0,0,NA,NA,NA,NA
"chr1_12067335",0,1,NA,NA,NA,0,0,NA,NA,NA,0,0,NA,NA,NA,NA
"chr1_15904242",0,1,NA,NA,1,0,0,NA,0,0,0,0,NA,NA,0,0
"chr1_21091969",0,1,NA,NA,1,0,0,NA,0,1,0,0,NA,NA,0,0
"chr1_21103124",0,1,NA,NA,1,0,1,NA,0,0,0,0,NA,NA,0,0
"chr1_27059305",0,1,NA,NA,NA,0,1,NA,NA,NA,0,0,NA,NA,NA,NA
"chr1_27480723",0,1,0,1,1,0,0,0,0,0,0,0,0,0,0,0
"chr1_27682998",0,1,NA,NA,NA,0,0,NA,NA,NA,0,0,NA,NA,NA,NA
"chr1_32620110",0,1,NA,NA,NA,0,0,NA,NA,NA,0,0,NA,NA,NA,NA
"chr1_32829447",0,1,0,1,1,0,1,0,0,1,0,0,0,0,0,0
"chr1_44878343",0,1,NA,NA,1,0,1,NA,0,0,0,0,NA,NA,0,0
"chr1_45269268",0,1,NA,NA,NA,0,0,NA,NA,NA,0,0,NA,NA,NA,NA
"chr1_45879545",0,1,NA,NA,NA,0,0,NA,NA,NA,0,0,NA,NA,NA,NA
"chr1_52827351",0,1,NA,NA,NA,0,0,NA,NA,NA,0,0,NA,NA,NA,NA
"chr1_55139381",0,1,0,1,1,0,0,0,0,0,0,0,0,0,0,0
"chr1_55318022",0,1,0,1,1,0,1,0,0,1,0,0,0,0,0,0
"chr1_59147614",0,1,0,1,1,0,1,0,0,1,0,0,0,0,0,0
"chr1_110884063",0,1,0,1,1,0,0,0,0,0,0,0,0,0,0,0
"chr1_114354616",0,1,NA,NA,0,0,0,NA,0,0,0,0,NA,NA,0,0
"chr1_117113602",0,1,NA,NA,NA,0,0,NA,NA,NA,0,0,NA,NA,NA,NA
"chr1_145528002",0,1,0,1,1,0,0,0,0,0,0,0,0,0,0,0
"chr1_153964149",0,1,0,1,1,0,1,0,0,1,0,0,0,0,0,0
"chr1_155218008",0,1,NA,NA,1,0,1,NA,0,1,0,0,NA,NA,0,0
"chr1_156255630",0,1,0,1,1,0,0,0,0,0,0,0,0,0,0,0
"chr1_158059397",0,1,0,1,1,0,1,0,0,0,0,0,0,0,0,0
"chr1_158986334",0,1,NA,NA,1,0,0,NA,0,0,0,0,NA,NA,0,0
"chr1_161188660",0,1,NA,NA,NA,0,0,NA,NA,NA,0,0,NA,NA,NA,NA
"chr1_204435976",0,1,NA,NA,NA,0,0,NA,NA,NA,0,0,NA,NA,NA,NA
"chr1_222835669",0,1,0,1,1,0,1,0,0,0,0,0,0,0,0,0
"chr1_226109105",0,1,NA,NA,NA,0,0,NA,NA,NA,0,0,NA,NA,NA,NA
"chr1_228333781",0,1,NA,NA,NA,0,0,NA,NA,NA,0,0,NA,NA,NA,NA
"chr1_233388087",0,1,NA,NA,NA,0,0,NA,NA,NA,0,0,NA,NA,NA,NA
"chr1_235971837",0,1,0,1,1,0,1,0,0,0,0,0,0,0,0,0
"chr1_236912462",0,1,NA,NA,1,0,0,NA,0,0,0,0,NA,NA,0,0
"chr2_10937891",0,1,NA,NA,NA,0,0,NA,NA,NA,0,0,NA,NA,NA,NA
"chr2_24240312",0,1,NA,NA,NA,0,0,NA,NA,NA,0,0,NA,NA,NA,NA
"chr2_27851231",0,1,NA,NA,NA,0,0,NA,NA,NA,0,0,NA,NA,NA,NA
"chr2_44553910",0,1,0,1,1,0,0,0,0,0,0,0,0,0,0,0
"chr2_54080520",0,1,NA,NA,NA,0,1,NA,NA,NA,0,0,NA,NA,NA,NA
"chr2_85663580",0,1,NA,NA,NA,0,0,NA,NA,NA,0,0,NA,NA,NA,NA
"chr2_86254587",0,1,0,1,1,0,0,0,0,0,0,0,0,0,0,0
"chr2_102003761",0,1,NA,NA,1,0,1,NA,0,0,0,0,NA,NA,0,0
"chr2_119739786",0,1,NA,NA,1,0,0,NA,0,0,0,0,NA,NA,0,0
"chr2_120709565",0,1,0,0,1,0,1,0,0,0,0,0,0,0,0,0
"chr2_150443615",0,1,NA,NA,NA,0,0,NA,NA,NA,0,0,NA,NA,NA,NA
"chr2_171702641",0,1,NA,NA,NA,0,0,NA,NA,NA,0,0,NA,NA,NA,NA
"chr2_172216952",0,1,NA,NA,1,0,1,NA,0,0,0,0,NA,NA,0,0
"chr2_177016383",0,1,0,1,NA,0,1,0,NA,NA,0,0,0,0,NA,NA
"chr2_179422677",0,1,NA,NA,1,0,1,NA,0,0,0,0,NA,NA,0,0
"chr2_179621287",0,1,0,1,NA,0,0,0,NA,NA,0,0,0,0,NA,NA
"chr2_190611280",0,1,NA,NA,1,0,0,NA,0,1,0,0,NA,NA,0,0
"chr2_190647234",0,1,0,1,1,0,1,0,0,1,0,0,0,0,0,0
"chr2_203332345",0,1,NA,NA,1,0,1,NA,0,1,0,0,NA,NA,0,0
"chr2_208576711",0,1,NA,NA,0,0,1,NA,0,0,0,0,NA,NA,0,0
"chr2_218577819",0,1,NA,NA,1,0,0,NA,0,1,0,0,NA,NA,0,0
"chr2_219117574",0,1,NA,NA,NA,0,0,NA,NA,NA,0,0,NA,NA,NA,NA
"chr2_219294047",0,1,0,1,1,0,1,0,0,1,0,0,0,0,0,0
"chr2_220250275",0,1,NA,NA,NA,0,0,NA,NA,NA,0,0,NA,NA,NA,NA
"chr2_232327312",0,1,NA,NA,NA,0,1,NA,NA,NA,0,0,NA,NA,NA,NA
"chr2_233273126",0,1,NA,NA,NA,1,1,NA,NA,NA,1,0,NA,NA,NA,NA
"chr2_242800993",0,1,NA,NA,NA,0,1,NA,NA,NA,0,0,NA,NA,NA,NA
"chr3_33134575",0,1,NA,NA,NA,0,1,NA,NA,NA,0,0,NA,NA,NA,NA
"chr3_42679915",0,1,0,1,1,0,1,0,0,1,0,0,0,0,0,0
"chr3_46940054",0,1,NA,NA,NA,0,0,NA,NA,NA,0,0,NA,NA,NA,NA
"chr3_50036867",0,1,NA,NA,NA,0,0,NA,NA,NA,0,0,NA,NA,NA,NA
"chr3_50036892",0,1,NA,NA,1,0,0,NA,0,1,0,0,NA,NA,0,0
"chr3_53855667",0,1,NA,NA,NA,0,0,NA,NA,NA,0,0,NA,NA,NA,NA
"chr3_78766928",0,1,NA,NA,1,0,1,NA,0,1,0,0,NA,NA,0,0
"chr3_78766930",0,1,NA,NA,1,0,1,NA,0,1,0,0,NA,NA,0,0
"chr3_93624841",0,1,NA,NA,NA,0,1,NA,NA,NA,0,0,NA,NA,NA,NA
"chr3_126708466",0,1,0,1,1,0,0,0,0,0,0,0,0,0,0,0
"chr3_156866134",0,1,0,1,1,0,1,0,0,0,0,0,0,0,0,0
"chr3_183905640",0,1,NA,NA,NA,0,0,NA,NA,NA,0,0,NA,NA,NA,NA
"chr3_194344362",0,1,NA,NA,1,0,0,NA,0,0,0,0,NA,NA,0,0
"chr3_196753531",0,1,0,1,1,0,0,0,0,0,0,0,0,0,0,0
"chr3_197020744",0,1,NA,NA,NA,0,0,NA,NA,NA,0,0,NA,NA,NA,NA
"chr4_3131672",0,1,0,1,1,0,0,0,0,1,0,0,0,0,0,0
"chr4_8869396",0,1,NA,NA,NA,0,0,NA,NA,NA,0,0,NA,NA,NA,NA
"chr4_36283583",0,1,NA,NA,NA,0,0,NA,NA,NA,0,0,NA,NA,NA,NA
"chr4_40440724",0,1,0,1,0,0,1,0,0,0,0,0,0,0,0,0
"chr4_49019255",0,1,NA,NA,NA,0,0,NA,NA,NA,0,0,NA,NA,NA,NA
"chr4_170987541",0,1,NA,NA,NA,0,1,NA,NA,NA,0,0,NA,NA,NA,NA
"chr4_187070703",0,1,NA,NA,NA,0,0,NA,NA,NA,0,0,NA,NA,NA,NA
"chr5_13885152",0,1,0,1,1,0,0,0,0,1,0,0,0,0,0,0
"chr5_34950333",0,1,0,1,1,0,0,0,0,0,0,0,0,0,0,0
"chr5_36679816",0,1,0,1,1,0,1,0,0,1,0,0,0,0,0,0
"chr5_71631557",0,1,NA,NA,NA,0,0,NA,NA,NA,0,0,NA,NA,NA,NA
"chr5_76649245",0,1,NA,NA,NA,0,0,NA,NA,NA,0,0,NA,NA,NA,NA
"chr5_95158283",0,1,NA,NA,1,0,1,NA,0,0,0,0,NA,NA,0,0
"chr5_112419785",0,1,NA,NA,NA,0,1,NA,NA,NA,0,0,NA,NA,NA,NA
"chr5_131995491",0,1,0,1,1,0,0,0,0,0,0,0,0,0,0,0
"chr5_140048848",0,1,NA,NA,NA,0,0,NA,NA,NA,0,0,NA,NA,NA,NA
"chr5_140530044",0,1,0,1,1,0,1,0,0,0,0,0,0,0,0,0
"chr5_140603242",0,1,NA,NA,1,0,1,NA,0,1,0,0,NA,NA,0,0
"chr5_140866594",0,1,NA,NA,NA,0,0,NA,NA,NA,0,0,NA,NA,NA,NA
"chr5_142434172",0,1,NA,NA,NA,0,1,NA,NA,NA,0,0,NA,NA,NA,NA
"chr5_149265772",0,1,NA,NA,NA,0,1,NA,NA,NA,0,0,NA,NA,NA,NA
"chr5_149274831",0,1,0,1,1,0,1,0,0,1,0,0,0,0,0,0
"chr5_171766493",0,1,0,1,1,0,0,0,0,1,0,0,0,0,0,0
"chr5_175956738",0,1,NA,NA,1,0,0,NA,0,0,0,0,NA,NA,0,0
"chr5_176637187",0,1,0,1,1,0,1,0,0,0,0,0,0,0,0,0
"chr5_176915060",0,1,NA,NA,NA,0,0,NA,NA,NA,0,0,NA,NA,NA,NA
"chr6_17772270",0,1,0,1,1,0,0,0,0,0,0,0,0,0,0,0
"chr6_31134003",0,1,NA,NA,NA,0,1,NA,NA,NA,0,0,NA,NA,NA,NA
"chr6_31324176",0,1,NA,NA,NA,1,0,NA,NA,NA,0,0,NA,NA,NA,NA
"chr6_31617091",0,1,NA,NA,1,0,1,NA,0,0,0,0,NA,NA,0,0
"chr6_33246332",0,1,NA,NA,1,0,0,NA,0,0,0,0,NA,NA,0,0
"chr6_33382966",0,1,NA,NA,NA,0,0,NA,NA,NA,0,0,NA,NA,NA,NA
"chr6_33646486",0,1,0,1,1,0,0,0,0,0,0,0,0,0,0,0
"chr6_37421087",0,1,0,1,1,0,1,0,0,1,0,0,0,0,0,0
"chr6_43024229",0,1,NA,NA,NA,0,0,NA,NA,NA,0,0,NA,NA,NA,NA
"chr6_43146629",0,1,NA,NA,NA,0,0,NA,NA,NA,0,0,NA,NA,NA,NA
"chr6_52858827",0,1,NA,NA,NA,0,1,NA,NA,NA,0,0,NA,NA,NA,NA
"chr6_52993152",0,1,0,0,1,0,1,0,0,1,0,0,0,0,0,0
"chr6_56489322",0,1,NA,NA,NA,0,1,NA,NA,NA,1,0,NA,NA,NA,NA
"chr6_56882145",0,1,NA,NA,1,0,0,NA,0,1,0,0,NA,NA,0,0
"chr6_87970584",0,1,0,1,1,0,1,0,0,0,0,0,0,0,0,0
"chr6_155131173",0,1,NA,NA,1,0,1,NA,0,0,0,0,NA,NA,0,0
"chr6_161575331",0,1,NA,NA,1,0,1,NA,0,0,0,0,NA,NA,0,0
"chr6_165832109",0,1,NA,NA,NA,0,0,NA,NA,NA,0,0,NA,NA,NA,NA
"chr6_169632820",0,1,0,1,1,0,1,0,0,0,0,0,0,0,0,0
"chr7_43503335",0,1,0,1,1,0,0,0,0,0,0,0,0,0,0,0
"chr7_44179086",0,1,NA,NA,NA,0,0,NA,NA,NA,0,0,NA,NA,NA,NA
"chr7_70246587",0,1,NA,NA,NA,0,1,NA,NA,NA,0,0,NA,NA,NA,NA
"chr7_95848918",0,1,NA,NA,NA,0,1,NA,NA,NA,0,0,NA,NA,NA,NA
"chr7_99042334",0,1,NA,NA,NA,0,0,NA,NA,NA,0,0,NA,NA,NA,NA
"chr7_99367529",0,1,NA,NA,NA,0,0,NA,NA,NA,0,0,NA,NA,NA,NA
"chr7_99689200",0,1,NA,NA,NA,0,0,NA,NA,NA,0,0,NA,NA,NA,NA
"chr7_102114206",0,1,NA,NA,NA,0,0,NA,NA,NA,0,0,NA,NA,NA,NA
"chr7_105029129",0,1,NA,NA,0,0,0,NA,0,0,0,0,NA,NA,0,0
"chr7_133164875",0,1,NA,NA,1,0,0,NA,0,0,0,0,NA,NA,0,0
"chr7_133812189",0,1,NA,NA,1,0,0,NA,0,0,0,0,NA,NA,0,0
"chr7_136700408",0,1,NA,NA,1,0,1,NA,0,0,0,0,NA,NA,0,0
"chr7_138528983",0,1,NA,NA,NA,0,0,NA,NA,NA,0,0,NA,NA,NA,NA
"chr7_150768552",0,1,NA,NA,1,0,0,NA,0,1,0,0,NA,NA,0,0
"chr7_157462290",0,1,NA,NA,NA,0,1,NA,NA,NA,0,0,NA,NA,NA,NA
"chr8_61777903",0,1,NA,NA,1,0,0,NA,0,0,0,0,NA,NA,0,0
"chr8_101271393",0,1,NA,NA,1,0,0,NA,0,1,0,0,NA,NA,0,0
"chr8_125058022",0,1,NA,NA,1,0,0,NA,0,1,0,0,NA,NA,0,0
"chr8_142185372",0,1,NA,NA,1,0,0,NA,0,1,0,0,NA,NA,0,0
"chr8_144522378",0,1,0,1,0,0,0,0,0,0,0,0,0,0,0,0
"chr8_144899050",0,1,NA,NA,NA,0,0,NA,NA,NA,0,0,NA,NA,NA,NA
"chr8_145165088",0,1,NA,NA,1,0,0,NA,0,0,0,0,NA,NA,0,0
"chr8_145746121",0,1,0,1,1,0,1,0,0,0,0,0,0,0,0,0
"chr9_14746410",0,1,NA,NA,1,0,1,NA,0,0,0,0,NA,NA,0,0
"chr9_16436648",0,1,0,1,1,0,1,0,0,0,0,0,0,0,0,0
"chr9_86284148",0,1,0,1,1,0,0,0,0,0,0,0,0,0,0,0
"chr9_86905241",0,1,NA,NA,NA,0,1,NA,NA,NA,0,0,NA,NA,NA,NA
"chr9_97209106",0,1,0,1,1,0,1,0,0,1,0,0,0,0,0,0
"chr9_100353561",0,1,NA,NA,NA,0,0,NA,NA,NA,0,0,NA,NA,NA,NA
"chr9_101530465",0,1,NA,NA,1,0,0,NA,0,0,0,0,NA,NA,0,0
"chr9_111775550",0,1,NA,NA,NA,0,0,NA,NA,NA,0,0,NA,NA,NA,NA
"chr9_117848170",0,1,0,1,1,0,0,0,0,1,0,0,0,0,0,0
"chr9_124794148",0,1,NA,NA,NA,0,1,NA,NA,NA,0,0,NA,NA,NA,NA
"chr9_133506224",0,1,NA,NA,NA,0,0,NA,NA,NA,0,0,NA,NA,NA,NA
"chr9_136654495",0,1,NA,NA,NA,0,0,NA,NA,NA,0,0,NA,NA,NA,NA
"chr9_140100336",0,1,NA,NA,0,0,0,NA,0,0,0,0,NA,NA,0,0
"chr9_140786416",0,1,NA,NA,NA,0,0,NA,NA,NA,0,0,NA,NA,NA,NA
"chr10_37441051",0,1,NA,NA,NA,0,1,NA,NA,NA,0,0,NA,NA,NA,NA
"chr10_81146166",0,1,0,1,1,0,0,0,0,0,0,0,0,0,0,0
"chr10_125804184",0,1,NA,NA,1,0,0,NA,0,0,0,0,NA,NA,0,0
"chr10_135012124",0,1,NA,NA,1,0,1,NA,0,0,0,0,NA,NA,0,0
"chr11_794356",0,1,NA,NA,NA,0,0,NA,NA,NA,0,0,NA,NA,NA,NA
"chr11_5655212",0,1,NA,NA,NA,0,0,NA,NA,NA,0,0,NA,NA,NA,NA
"chr11_6624677",0,1,0,1,1,0,0,0,0,0,0,0,0,0,0,0
"chr11_13378314",0,1,0,1,1,0,0,0,0,0,0,0,0,0,0,0
"chr11_17803167",0,1,NA,NA,NA,0,1,NA,NA,NA,0,0,NA,NA,NA,NA
"chr11_33369709",0,1,NA,NA,NA,0,0,NA,NA,NA,0,0,NA,NA,NA,NA
"chr11_35161161",0,1,NA,NA,NA,0,0,NA,NA,NA,0,0,NA,NA,NA,NA
"chr11_61487739",0,1,NA,NA,NA,0,0,NA,NA,NA,0,0,NA,NA,NA,NA
"chr11_61730352",0,1,0,1,1,0,1,0,0,1,0,0,0,0,0,0
"chr11_62284507",0,1,NA,NA,1,0,0,NA,0,0,0,0,NA,NA,0,0
"chr11_62378906",0,1,NA,NA,1,0,0,NA,0,0,0,0,NA,NA,0,0
"chr11_63398722",0,1,NA,NA,1,0,1,NA,0,0,0,0,NA,NA,0,0
"chr11_64003702",0,1,NA,NA,NA,0,1,NA,NA,NA,0,0,NA,NA,NA,NA
"chr11_64084816",0,1,0,1,1,0,0,0,0,0,0,0,0,0,0,0
"chr11_64374729",0,1,0,1,1,0,0,0,0,0,0,0,0,0,0,0
"chr11_67047249",0,1,NA,NA,NA,0,1,NA,NA,NA,0,0,NA,NA,NA,NA
"chr11_67206380",0,1,NA,NA,1,0,0,NA,0,0,0,0,NA,NA,0,0
"chr11_72297060",0,1,NA,NA,NA,0,0,NA,NA,NA,0,0,NA,NA,NA,NA
"chr11_73748023",0,1,NA,NA,NA,0,0,NA,NA,NA,0,0,NA,NA,NA,NA
"chr11_92526007",0,1,NA,NA,1,0,1,NA,0,0,0,0,NA,NA,0,0
"chr11_95825952",0,1,0,1,1,0,0,0,0,0,0,0,0,0,0,0
"chr11_110007550",0,1,0,1,1,0,1,0,0,1,0,0,0,0,0,0
"chr11_118779298",0,1,NA,NA,1,0,0,NA,0,0,0,0,NA,NA,0,0
"chr11_118978710",0,1,0,1,NA,0,0,0,NA,NA,0,0,0,0,NA,NA
"chr11_132182592",0,1,NA,NA,NA,0,1,NA,NA,NA,0,0,NA,NA,NA,NA
"chr12_6665124",0,1,NA,NA,1,0,0,NA,0,0,0,0,NA,NA,0,0
"chr12_6970235",0,1,NA,NA,1,0,0,NA,0,0,0,0,NA,NA,0,0
"chr12_16510480",0,1,NA,NA,NA,0,0,NA,NA,NA,0,0,NA,NA,NA,NA
"chr12_31080039",0,1,NA,NA,NA,0,1,NA,NA,NA,0,0,NA,NA,NA,NA
"chr12_41582410",0,1,NA,NA,0,0,0,NA,0,0,0,0,NA,NA,0,0
"chr12_49212776",0,1,NA,NA,NA,0,0,NA,NA,NA,0,0,NA,NA,NA,NA
"chr12_49416163",0,1,NA,NA,NA,0,0,NA,NA,NA,0,0,NA,NA,NA,NA
"chr12_50388086",0,1,NA,NA,1,0,1,NA,0,0,0,0,NA,NA,0,0
"chr12_50531606",0,1,NA,NA,NA,0,1,NA,NA,NA,0,0,NA,NA,NA,NA
"chr12_57081661",0,1,NA,NA,NA,0,1,NA,NA,NA,0,0,NA,NA,NA,NA
"chr12_58176655",0,1,NA,NA,NA,0,0,NA,NA,NA,0,0,NA,NA,NA,NA
"chr12_59268269",0,1,0,1,1,0,0,0,0,1,0,0,0,0,0,0
"chr12_64882342",0,1,NA,NA,1,0,0,NA,0,0,0,0,NA,NA,0,0
"chr12_80199498",0,1,0,1,1,0,1,0,0,1,0,0,0,0,0,0
"chr12_103352250",0,1,NA,NA,0,0,0,NA,0,0,0,0,NA,NA,0,0
"chr12_123346356",0,1,NA,NA,NA,0,0,NA,NA,NA,0,0,NA,NA,NA,NA
"chr12_124839492",0,1,NA,NA,NA,0,0,NA,NA,NA,0,0,NA,NA,NA,NA
"chr13_31729725",0,1,0,1,1,0,0,0,0,0,0,0,0,0,0,0
"chr13_32753874",0,1,NA,NA,1,0,1,NA,0,1,0,0,NA,NA,0,0
"chr13_110828951",0,1,NA,NA,NA,0,1,NA,NA,NA,0,0,NA,NA,NA,NA
"chr13_114897819",0,1,NA,NA,NA,0,0,NA,NA,NA,0,0,NA,NA,NA,NA
"chr14_20843877",0,1,NA,NA,NA,0,0,NA,NA,NA,0,0,NA,NA,NA,NA
"chr14_21562599",0,1,NA,NA,NA,0,0,NA,NA,NA,0,0,NA,NA,NA,NA
"chr14_21813348",0,1,NA,NA,1,0,0,NA,0,1,0,0,NA,NA,0,0
"chr14_24523695",0,1,NA,NA,1,0,1,NA,0,0,0,0,NA,NA,0,0
"chr14_24651096",0,1,NA,NA,NA,0,0,NA,NA,NA,0,0,NA,NA,NA,NA
"chr14_24711300",0,1,NA,NA,NA,0,0,NA,NA,NA,0,0,NA,NA,NA,NA
"chr14_36003573",0,1,NA,NA,0,0,0,NA,0,0,0,0,NA,NA,0,0
"chr14_69861550",0,1,0,1,1,0,0,0,0,0,0,0,0,0,0,0
"chr14_71206758",0,1,0,1,1,0,0,0,0,1,0,0,0,0,0,0
"chr14_74364778",0,1,NA,NA,1,0,0,NA,0,0,0,0,NA,NA,0,0
"chr14_76231058",0,1,0,1,1,0,1,0,0,1,0,0,0,0,0,0
"chr14_77580061",0,1,NA,NA,1,0,1,NA,0,0,0,0,NA,NA,0,0
"chr14_91773453",0,1,0,1,1,0,0,0,0,0,0,0,0,0,0,0
"chr14_94395437",0,1,NA,NA,1,0,1,NA,0,0,0,0,NA,NA,0,0
"chr14_94567114",0,1,NA,NA,1,0,0,NA,0,0,0,0,NA,NA,0,0
"chr15_33954527",0,1,0,1,1,0,0,0,0,1,0,0,0,0,0,0
"chr15_42105316",0,1,NA,NA,NA,0,0,NA,NA,NA,0,0,NA,NA,NA,NA
"chr15_45390246",0,1,NA,NA,1,0,1,NA,0,0,0,0,NA,NA,0,0
"chr15_59750794",0,1,NA,NA,NA,0,1,NA,NA,NA,0,0,NA,NA,NA,NA
"chr15_68378963",0,1,0,1,1,0,1,0,0,0,0,0,0,0,0,0
"chr15_68624721",0,1,NA,NA,1,0,0,NA,0,1,0,0,NA,NA,0,0
"chr15_69007635",0,1,0,1,1,0,0,0,0,1,0,0,0,0,0,0
"chr15_70960116",0,1,NA,NA,1,0,0,NA,0,1,0,0,NA,NA,0,0
"chr15_74032740",0,1,NA,NA,1,0,1,NA,0,0,0,0,NA,NA,0,0
"chr15_75968326",0,1,NA,NA,1,0,1,NA,0,0,0,0,NA,NA,0,0
"chr15_76426617",0,1,NA,NA,1,0,0,NA,0,1,0,0,NA,NA,0,0
"chr15_89868864",0,1,0,1,1,0,1,0,0,1,0,0,0,0,0,0
"chr15_91304001",0,1,NA,NA,1,0,1,NA,0,0,0,0,NA,NA,0,0
"chr16_396534",0,1,NA,NA,1,0,0,NA,0,0,0,0,NA,NA,0,0
"chr16_778991",0,1,NA,NA,NA,0,0,NA,NA,NA,0,0,NA,NA,NA,NA
"chr16_839037",0,1,NA,NA,0,0,0,NA,0,0,0,0,NA,NA,0,0
"chr16_960983",0,1,0,1,1,0,0,0,0,0,0,0,0,0,0,0
"chr16_3656523",0,1,0,1,1,0,0,0,0,1,0,0,0,0,0,0
"chr16_4164396",0,1,0,1,1,0,1,0,0,1,0,0,0,0,0,0
"chr16_4625235",0,1,NA,NA,1,0,1,NA,0,0,0,0,NA,NA,0,0
"chr16_4625349",0,1,NA,NA,1,0,1,NA,0,0,0,0,NA,NA,0,0
"chr16_25139827",0,1,0,1,1,0,0,0,0,0,0,0,0,0,0,0
"chr16_28116019",0,1,0,1,1,0,0,0,0,0,0,0,0,0,0,0
"chr16_28986547",0,1,NA,NA,0,0,0,NA,0,0,0,0,NA,NA,0,0
"chr16_31391216",0,1,NA,NA,NA,0,0,NA,NA,NA,0,0,NA,NA,NA,NA
"chr16_67861867",0,1,0,1,1,0,0,0,0,0,0,0,0,0,0,0
"chr16_71423614",0,1,NA,NA,NA,0,1,NA,NA,NA,0,0,NA,NA,NA,NA
"chr16_71997150",0,1,NA,NA,NA,0,1,NA,NA,NA,0,0,NA,NA,NA,NA
"chr16_89836333",0,1,0,1,1,0,0,0,0,0,0,0,0,0,0,0
"chr17_1371729",0,1,0,1,1,0,0,0,0,1,0,0,0,0,0,0
"chr17_5284794",0,1,NA,NA,1,0,1,NA,0,0,0,0,NA,NA,0,0
"chr17_7483085",0,1,NA,NA,NA,0,0,NA,NA,NA,0,0,NA,NA,NA,NA
"chr17_8350146",0,1,NA,NA,1,0,0,NA,0,0,0,0,NA,NA,0,0
"chr17_8701130",0,1,0,1,1,0,0,0,0,1,0,1,0,0,0,0
"chr17_9590189",0,1,NA,NA,1,0,0,NA,0,0,0,0,NA,NA,0,0
"chr17_27942963",0,1,NA,NA,1,0,0,NA,0,1,0,0,NA,NA,0,0
"chr17_30700445",0,1,NA,NA,NA,0,0,NA,NA,NA,0,0,NA,NA,NA,NA
"chr17_37009092",0,1,NA,NA,NA,0,1,NA,NA,NA,0,0,NA,NA,NA,NA
"chr17_41132987",0,1,0,1,0,0,1,0,0,0,0,0,0,0,0,0
"chr17_41981732",0,1,NA,NA,NA,0,0,NA,NA,NA,0,0,NA,NA,NA,NA
"chr17_48941060",0,1,0,1,1,0,1,0,0,1,0,0,0,0,0,0
"chr17_58678127",0,1,0,1,1,0,1,0,0,0,0,0,0,0,0,0
"chr17_61489438",0,1,NA,NA,1,0,0,NA,0,1,0,0,NA,NA,0,0
"chr17_72584909",0,1,NA,NA,NA,0,0,NA,NA,NA,0,0,NA,NA,NA,NA
"chr17_73231737",0,1,0,1,1,0,0,0,0,1,0,0,0,0,0,0
"chr17_74277925",0,1,NA,NA,NA,0,0,NA,NA,NA,0,0,NA,NA,NA,NA
"chr17_74684768",0,1,NA,NA,NA,0,0,NA,NA,NA,0,0,NA,NA,NA,NA
"chr17_76795148",0,1,NA,NA,NA,0,0,NA,NA,NA,0,0,NA,NA,NA,NA
"chr17_77755696",0,1,NA,NA,NA,0,0,NA,NA,NA,0,0,NA,NA,NA,NA
"chr17_77768995",0,1,NA,NA,1,0,0,NA,0,0,0,0,NA,NA,0,0
"chr17_78039828",0,1,NA,NA,NA,0,0,NA,NA,NA,0,0,NA,NA,NA,NA
"chr17_78354767",0,1,0,1,1,0,0,0,0,0,0,0,0,0,0,0
"chr17_79059405",0,1,NA,NA,NA,0,0,NA,NA,NA,0,0,NA,NA,NA,NA
"chr18_3456453",0,1,0,1,1,0,1,0,0,0,0,0,0,0,0,0
"chr18_9845656",0,1,0,1,1,0,0,0,0,0,0,0,0,0,0,0
"chr18_12884010",0,1,NA,NA,NA,0,0,NA,NA,NA,0,0,NA,NA,NA,NA
"chr18_21594913",0,1,NA,NA,0,0,0,NA,0,0,0,1,NA,NA,0,0
"chr18_23637602",0,1,NA,NA,1,0,0,NA,0,1,0,0,NA,NA,0,0
"chr18_39584424",0,1,NA,NA,1,0,1,NA,0,0,0,0,NA,NA,0,0
"chr18_72344486",0,1,0,1,1,0,0,0,0,0,0,0,0,0,0,0
"chr19_623005",0,1,NA,NA,NA,0,0,NA,NA,NA,0,0,NA,NA,NA,NA
"chr19_932713",0,1,NA,NA,0,0,0,NA,0,0,0,0,NA,NA,0,0
"chr19_1469008",0,1,NA,NA,0,0,0,NA,0,0,0,0,NA,NA,0,0
"chr19_2416693",0,1,0,1,1,0,1,0,0,0,0,0,0,0,0,0
"chr19_4323282",0,1,NA,NA,NA,0,0,NA,NA,NA,0,0,NA,NA,NA,NA
"chr19_4354013",0,1,NA,NA,NA,0,1,NA,NA,NA,0,0,NA,NA,NA,NA
"chr19_5114038",0,1,NA,NA,NA,0,0,NA,NA,NA,0,0,NA,NA,NA,NA
"chr19_10205491",0,1,NA,NA,1,0,1,NA,0,1,0,0,NA,NA,0,0
"chr19_10883241",0,1,0,0,1,0,0,0,0,0,0,0,0,0,0,0
"chr19_11039671",0,1,NA,NA,NA,0,0,NA,NA,NA,0,0,NA,NA,NA,NA
"chr19_12297500",0,1,0,1,1,0,1,0,0,1,0,0,0,0,0,0
"chr19_13183911",0,1,NA,NA,1,0,1,NA,0,0,0,0,NA,NA,0,0
"chr19_14288476",0,1,0,1,1,0,0,0,0,0,0,0,0,0,0,0
"chr19_14301982",0,1,NA,NA,NA,0,0,NA,NA,NA,0,0,NA,NA,NA,NA
"chr19_15466033",0,1,0,1,1,0,0,0,0,0,0,0,0,0,0,0
"chr19_19162870",0,1,0,1,1,0,0,0,0,1,0,0,0,0,0,0
"chr19_38876925",0,1,0,1,1,0,0,0,0,0,0,0,0,0,0,0
"chr19_41211356",0,1,NA,NA,NA,0,0,NA,NA,NA,0,0,NA,NA,NA,NA
"chr19_45923689",0,1,NA,NA,NA,0,1,NA,NA,NA,0,0,NA,NA,NA,NA
"chr19_46319753",0,1,0,1,1,0,0,0,0,0,0,0,0,0,0,0
"chr19_49422414",0,1,NA,NA,NA,0,1,NA,NA,NA,0,0,NA,NA,NA,NA
"chr19_54627186",0,1,0,1,1,0,1,0,0,0,0,0,0,0,0,0
"chr19_58231945",0,1,NA,NA,1,0,0,NA,0,1,0,0,NA,NA,0,0
"chr20_307326",0,1,0,1,0,0,0,0,0,0,0,0,0,0,0,0
"chr20_2639018",0,1,NA,NA,NA,0,0,NA,NA,NA,0,0,NA,NA,NA,NA
"chr20_18434475",0,1,NA,NA,NA,0,0,NA,NA,NA,0,0,NA,NA,NA,NA
"chr20_31022474",0,1,NA,NA,0,0,0,NA,0,0,0,0,NA,NA,0,0
"chr20_32333008",0,1,NA,NA,1,0,0,NA,0,1,1,0,NA,NA,0,0
"chr20_34092654",0,1,0,1,1,0,1,0,0,0,0,0,0,0,0,0
"chr20_35444379",0,1,NA,NA,1,0,0,NA,0,0,0,0,NA,NA,0,0
"chr20_42972083",0,1,NA,NA,1,0,0,NA,0,0,0,0,NA,NA,0,0
"chr20_60886090",0,1,NA,NA,1,0,0,NA,0,0,0,0,NA,NA,0,0
"chr20_61541300",0,1,NA,NA,1,0,1,NA,0,0,0,0,NA,NA,0,0
"chr21_43962548",0,1,0,0,1,0,1,0,0,0,0,0,0,0,0,0
"chr21_44185575",0,1,NA,NA,1,0,0,NA,0,1,0,0,NA,NA,0,0
"chr21_44483197",0,1,NA,NA,NA,0,1,NA,NA,NA,0,0,NA,NA,NA,NA
"chr21_47952000",0,1,NA,NA,NA,0,0,NA,NA,NA,0,0,NA,NA,NA,NA
"chr22_38010295",0,1,NA,NA,NA,0,0,NA,NA,NA,0,0,NA,NA,NA,NA
"chr22_43254431",0,1,NA,NA,NA,0,0,NA,NA,NA,0,0,NA,NA,NA,NA
"chr22_46929788",0,1,0,1,1,0,0,0,0,0,0,0,0,0,0,0
"chr22_47108146",0,1,0,1,1,0,1,0,0,0,0,0,0,0,0,0
"chr22_50726147",0,1,NA,NA,0,0,0,NA,0,0,0,0,NA,NA,0,0
"chr1_2235899",0,0,0,0,0,1,0,1,0,0,0,0,0,0,0,0
"chr1_45272020",0,0,NA,NA,0,1,0,NA,0,0,0,0,NA,NA,0,0
"chr1_89599115",0,0,NA,NA,NA,1,0,NA,NA,NA,0,1,NA,NA,NA,NA
"chr1_238053226",0,0,NA,NA,0,1,0,NA,0,0,0,0,NA,NA,0,0
"chr3_25705768",0,0,NA,NA,0,0,1,NA,0,0,0,0,NA,NA,0,0
"chr3_37574951",0,0,NA,NA,0,0,0,NA,0,0,1,0,NA,NA,1,0
"chr3_49722397",0,0,NA,NA,NA,1,1,NA,NA,NA,0,1,NA,NA,NA,NA
"chr3_181430622",NA,NA,NA,NA,NA,0,1,NA,NA,NA,0,0,NA,NA,NA,NA
"chr4_185705023",0,0,NA,NA,NA,1,0,NA,NA,NA,0,0,NA,NA,NA,NA
"chr5_127645715",0,0,NA,NA,0,1,0,NA,0,0,0,0,NA,NA,0,0
"chr5_180375296",0,0,NA,NA,NA,0,0,NA,NA,NA,0,1,NA,NA,NA,NA
"chr5_180375306",0,0,NA,NA,NA,0,0,NA,NA,NA,0,1,NA,NA,NA,NA
"chr6_348789",0,0,NA,NA,0,1,0,NA,0,0,0,0,NA,NA,0,0
"chr6_110567239",0,0,NA,NA,0,1,0,NA,0,0,0,0,NA,NA,0,0
"chr8_32453388",0,0,0,0,0,1,0,1,0,0,0,0,0,0,0,0
"chr8_43159877",0,0,NA,NA,NA,1,0,NA,NA,NA,0,0,NA,NA,NA,NA
"chr8_53126756",0,0,NA,NA,NA,1,0,NA,NA,NA,0,0,NA,NA,NA,NA
"chr9_139405052",0,0,NA,NA,NA,0,0,NA,NA,NA,1,0,NA,NA,NA,NA
"chr10_32143124",0,0,0,0,0,1,0,0,0,0,0,0,0,0,0,0
"chr11_64536960",0,0,0,0,0,1,0,1,0,0,0,0,0,0,0,0
"chr12_124421668",0,0,NA,NA,0,1,0,NA,0,0,0,0,NA,NA,0,0
"chr13_19775791",0,0,NA,NA,NA,1,0,NA,NA,NA,0,0,NA,NA,NA,NA
"chr15_33926931",0,0,NA,NA,0,1,0,NA,0,0,0,0,NA,NA,0,0
"chr16_1251887",0,0,NA,NA,0,1,0,NA,0,0,1,0,NA,NA,0,0
"chr17_56233141",0,0,NA,NA,0,1,0,NA,0,0,0,0,NA,NA,0,0
"chr17_56233328",0,0,NA,NA,0,1,0,NA,0,0,0,0,NA,NA,0,0
"chr18_14124488",0,0,NA,NA,NA,1,0,NA,NA,NA,1,1,NA,NA,NA,NA
"chr19_15539093",0,0,NA,NA,NA,0,0,NA,NA,NA,0,1,NA,NA,NA,NA
"chr21_46020542",0,0,NA,NA,NA,1,1,NA,NA,NA,0,0,NA,NA,NA,NA
"chr22_30116481",0,0,NA,NA,0,1,0,NA,0,0,0,0,NA,NA,0,0
"chrX_2761203",NA,NA,NA,NA,NA,0,0,NA,NA,NA,0,0,NA,NA,NA,NA
"chrX_12735003",NA,NA,NA,NA,1,1,1,NA,0,0,1,0,NA,NA,1,0
"chrX_41022095",NA,NA,NA,NA,1,0,0,NA,0,1,0,0,NA,NA,0,0
"chrX_44922727",NA,NA,NA,NA,1,0,1,NA,0,0,0,0,NA,NA,0,0
"chrX_47040652",NA,NA,NA,NA,1,0,0,NA,0,0,0,0,NA,NA,0,0
"chrX_48372615",NA,NA,NA,NA,NA,0,1,NA,NA,NA,0,0,NA,NA,NA,NA
"chrX_50351134",NA,NA,NA,NA,1,0,1,NA,0,0,0,0,NA,NA,0,0
"chrX_53113902",NA,NA,NA,NA,NA,0,0,NA,NA,NA,0,0,NA,NA,NA,NA
"chrX_65479908",NA,NA,NA,NA,NA,0,0,NA,NA,NA,0,0,NA,NA,NA,NA
"chrX_67937470",NA,NA,NA,NA,1,0,0,NA,0,0,0,0,NA,NA,0,0
"chrX_100078317",NA,NA,NA,NA,1,0,1,NA,0,1,1,0,NA,NA,1,0
"chrX_117904371",NA,NA,NA,NA,NA,0,0,NA,NA,NA,0,0,NA,NA,NA,NA
"chrX_119425053",NA,NA,NA,NA,NA,0,1,NA,NA,NA,0,0,NA,NA,NA,NA
"chrX_147062971",NA,NA,NA,NA,0,0,0,NA,0,0,0,0,NA,NA,0,0
"chrX_148796164",NA,NA,NA,NA,NA,1,1,NA,NA,NA,1,0,NA,NA,NA,NA
"chrX_149638697",NA,NA,NA,NA,1,0,0,NA,0,0,0,0,NA,NA,0,0
