"","T1-CCF-WES","T2-CCF-WES","T3-CCF-WES","T5-CCF-WES","B-WES","B-TES1","M-WES","M-TES1","M-TES2","S-WES","S-TES1","S-TES2","T1-TES1","T2-TES1","T3-TES1","T5-TES1","T2-TES2","T3-TES2","T5-TES2"
"chr1_155921493",1,1,1,1,0,NA,0,NA,NA,0,NA,NA,NA,NA,NA,NA,NA,NA,NA
"chr1_160247206",1,1,1,1,0,NA,0,NA,NA,1,NA,NA,NA,NA,NA,NA,NA,NA,NA
"chr1_186135391",1,1,1,1,0,NA,0,NA,1,1,NA,1,NA,NA,NA,NA,1,1,1
"chr1_228400164",1,1,1,1,0,NA,0,NA,NA,0,NA,NA,NA,NA,NA,NA,NA,NA,NA
"chr1_229771516",1,1,1,1,0,0,0,1,0,0,1,1,1,1,1,1,1,1,1
"chr2_21237433",1,1,1,1,0,NA,0,NA,0,0,NA,1,NA,NA,NA,NA,1,1,1
"chr2_36764580",1,1,1,1,0,NA,0,NA,NA,0,NA,NA,NA,NA,NA,NA,NA,NA,NA
"chr2_127453545",1,1,1,1,0,0,0,1,0,0,1,1,1,1,1,1,1,1,1
"chr2_137917959",1,1,1,1,0,NA,0,NA,NA,0,NA,NA,NA,NA,NA,NA,NA,NA,NA
"chr2_179438951",1,1,1,1,0,NA,1,NA,1,1,NA,1,NA,NA,NA,NA,1,1,1
"chr2_179572455",1,1,1,1,0,NA,0,NA,1,1,NA,1,NA,NA,NA,NA,1,1,1
"chr2_202272119",1,1,1,1,0,NA,0,NA,NA,0,NA,NA,NA,NA,NA,NA,NA,NA,NA
"chr3_77623777",1,1,1,1,0,0,0,1,0,1,1,1,1,1,1,1,1,1,1
"chr5_169654",1,1,1,1,0,NA,0,NA,0,1,NA,1,NA,NA,NA,NA,1,1,1
"chr6_28539945",1,1,1,1,0,NA,1,NA,1,0,NA,1,NA,NA,NA,NA,1,1,1
"chr7_48314624",1,1,1,1,0,NA,0,NA,1,1,NA,1,NA,NA,NA,NA,1,1,1
"chr8_11172436",1,1,1,1,0,0,0,1,1,0,1,1,1,1,1,1,1,1,1
"chr9_79920489",1,1,1,1,0,NA,0,NA,NA,1,NA,NA,NA,NA,NA,NA,NA,NA,NA
"chr9_93624559",1,1,1,1,0,0,0,1,0,1,1,1,1,1,1,1,1,1,1
"chr9_139369543",1,1,1,1,0,NA,0,NA,1,0,NA,1,NA,NA,NA,NA,1,1,1
"chr10_50081568",1,1,1,1,0,NA,0,NA,1,1,NA,1,NA,NA,NA,NA,1,1,1
"chr10_89717672",1,1,1,1,0,NA,0,NA,1,0,NA,1,NA,NA,NA,NA,1,1,1
"chr10_90534893",1,1,1,1,0,NA,0,NA,1,0,NA,1,NA,NA,NA,NA,1,1,1
"chr11_6260717",1,1,1,1,0,NA,0,NA,1,0,NA,1,NA,NA,NA,NA,1,1,1
"chr11_13375970",1,1,1,1,0,NA,1,NA,1,1,NA,1,NA,NA,NA,NA,1,1,1
"chr11_61083886",1,1,1,1,0,NA,0,NA,NA,1,NA,NA,NA,NA,NA,NA,NA,NA,NA
"chr12_10048408",1,1,1,1,0,NA,1,NA,1,0,NA,1,NA,NA,NA,NA,1,1,1
"chr12_129373300",1,1,1,1,0,NA,0,NA,NA,0,NA,NA,NA,NA,NA,NA,NA,NA,NA
"chr13_28552614",1,1,1,1,0,NA,1,NA,NA,1,NA,NA,NA,NA,NA,NA,NA,NA,NA
"chr14_20265529",1,1,1,1,0,NA,0,NA,NA,0,NA,NA,NA,NA,NA,NA,NA,NA,NA
"chr14_20296177",1,1,1,1,0,NA,0,NA,NA,0,NA,NA,NA,NA,NA,NA,NA,NA,NA
"chr14_102024963",1,1,1,1,0,NA,0,NA,NA,0,NA,NA,NA,NA,NA,NA,NA,NA,NA
"chr15_48566792",1,1,1,1,0,NA,0,NA,1,0,NA,1,NA,NA,NA,NA,1,1,1
"chr16_57054711",1,1,1,1,0,NA,0,NA,0,0,NA,1,NA,NA,NA,NA,1,1,1
"chr16_67912738",1,1,1,1,0,0,1,1,1,1,1,1,1,1,1,1,1,1,1
"chr17_10297646",1,1,1,1,0,NA,0,NA,1,0,NA,1,NA,NA,NA,NA,1,1,1
"chr17_29249979",1,1,1,1,0,0,0,0,0,0,1,1,1,1,1,1,1,1,1
"chr17_46670798",1,1,1,1,0,0,0,0,0,0,1,0,1,1,1,1,1,1,0
"chr17_61684744",1,1,1,1,0,0,0,0,0,0,1,0,1,1,1,1,1,1,1
"chr17_66978786",1,1,1,1,0,NA,0,NA,NA,0,NA,NA,NA,NA,NA,NA,NA,NA,NA
"chr19_10418866",1,1,1,1,0,NA,0,NA,0,0,NA,1,NA,NA,NA,NA,1,1,1
"chr19_51650003",1,1,1,1,0,NA,0,NA,NA,0,NA,NA,NA,NA,NA,NA,NA,NA,NA
"chr19_56041495",1,1,1,1,0,0,1,0,0,0,1,0,1,1,1,1,1,1,0
"chr19_57669860",1,1,1,1,0,NA,0,NA,NA,1,NA,NA,NA,NA,NA,NA,NA,NA,NA
"chr19_58551908",1,1,1,1,0,0,0,0,1,1,1,1,1,1,1,1,1,1,1
"chr20_51870707",1,1,1,1,0,0,0,0,0,0,1,1,1,1,1,1,1,1,1
"chr20_57571842",1,1,1,1,0,0,1,1,1,0,1,1,1,1,1,1,1,1,1
"chr1_16360090",1,1,0,0,0,NA,0,NA,NA,0,NA,NA,NA,NA,NA,NA,NA,NA,NA
"chr15_44876368",1,0,1,0,0,NA,0,NA,0,0,NA,1,NA,NA,NA,NA,1,1,0
"chr20_44444426",1,0,1,0,0,NA,0,NA,NA,0,NA,NA,NA,NA,NA,NA,NA,NA,NA
"chr3_167507009",0,1,0,1,0,NA,0,NA,1,0,NA,1,NA,NA,NA,NA,1,1,1
"chr19_55107680",0,1,0,1,0,0,0,0,NA,0,0,NA,1,1,0,1,NA,NA,NA
"chr20_18810707",0,1,0,1,0,NA,0,NA,NA,0,NA,NA,NA,NA,NA,NA,NA,NA,NA
"chr19_50475027",0,0,1,1,0,NA,0,NA,NA,0,NA,NA,NA,NA,NA,NA,NA,NA,NA
"chr2_10224068",1,0,0,0,0,NA,0,NA,NA,0,NA,NA,NA,NA,NA,NA,NA,NA,NA
"chr7_55233043",1,0,0,0,0,NA,0,NA,0,0,NA,0,NA,NA,NA,NA,1,0,0
"chr11_119149256",1,0,0,0,0,0,0,0,1,0,0,0,1,0,0,0,0,0,0
"chr13_53421096",1,0,0,0,0,NA,0,NA,NA,0,NA,NA,NA,NA,NA,NA,NA,NA,NA
"chr14_55907074",1,0,0,0,0,NA,0,NA,NA,0,NA,NA,NA,NA,NA,NA,NA,NA,NA
"chr1_44468261",0,1,0,0,0,0,0,0,1,0,0,0,0,1,0,1,1,1,1
"chr6_55147051",0,0,1,0,0,NA,0,NA,0,0,NA,0,NA,NA,NA,NA,0,1,0
"chr17_32482963",0,0,0,0,0,NA,0,NA,NA,1,NA,NA,NA,NA,NA,NA,NA,NA,NA
"chrX_30261250",NA,NA,NA,NA,0,NA,0,NA,1,0,NA,1,NA,NA,NA,NA,1,1,1
