"","T1-CCF-WES","T2-CCF-WES","B-WES","B-TES1","M-WES","M(p)-WES","M(r)-TES1","M(p)-TES1","M(p)-TES2","M(r)-TES2","S-WES","S(p)-WES","S(p)-TES1","S(p)-TES2","S(r)-TES2","T(r)-TES1","T(p)-TES1","T(r)-TES2"
"chr1_3397145",1,1,0,NA,0,1,NA,NA,1,0,0,0,NA,0,1,NA,NA,1
"chr1_19166493",1,1,0,0,0,1,0,1,1,0,0,1,1,1,1,1,1,1
"chr1_26380354",1,1,0,NA,0,1,NA,NA,NA,NA,0,1,NA,NA,NA,NA,NA,NA
"chr1_32050631",1,1,0,1,0,1,0,1,1,0,0,1,1,0,1,1,1,1
"chr1_39799837",1,1,0,NA,0,1,NA,NA,1,0,0,0,NA,0,1,NA,NA,1
"chr1_74929214",1,1,0,0,0,1,0,1,1,0,0,1,1,1,1,1,1,1
"chr1_150967779",1,1,0,0,0,0,0,1,1,0,0,1,1,0,1,1,1,1
"chr1_182635996",1,1,0,NA,0,1,NA,NA,NA,NA,1,1,NA,NA,NA,NA,NA,NA
"chr1_227288838",1,1,0,0,0,0,0,0,1,0,0,0,0,0,1,1,1,1
"chr2_3743405",1,1,0,0,0,1,0,1,1,0,1,0,0,0,1,1,1,1
"chr2_119726809",1,1,0,NA,0,1,NA,NA,1,0,0,1,NA,0,1,NA,NA,1
"chr3_38802145",1,1,0,NA,0,1,NA,NA,NA,NA,1,1,NA,NA,NA,NA,NA,NA
"chr3_108724144",1,1,0,0,0,1,0,1,1,0,1,1,1,1,1,1,1,1
"chr3_147131382",1,1,0,NA,0,1,NA,NA,NA,NA,1,1,NA,NA,NA,NA,NA,NA
"chr3_155232562",1,1,0,0,0,1,1,1,1,0,0,0,0,0,1,1,1,1
"chr3_170078494",1,1,0,NA,0,1,NA,NA,1,0,1,1,NA,0,1,NA,NA,1
"chr4_188924640",1,1,0,0,0,1,0,1,1,1,1,1,1,0,1,1,1,1
"chr5_19473643",1,1,0,0,0,0,0,0,0,0,0,0,0,0,1,1,1,1
"chr5_35759683",1,1,0,1,0,1,0,1,1,0,1,1,1,1,1,1,1,1
"chr5_128301957",1,1,0,0,0,1,0,1,1,0,1,0,0,0,0,1,1,1
"chr5_147516643",1,1,0,NA,0,1,NA,NA,NA,NA,1,1,NA,NA,NA,NA,NA,NA
"chr5_160097490",1,1,0,0,0,1,0,1,1,0,1,1,1,1,1,1,1,1
"chr6_28268690",1,1,0,NA,0,1,NA,NA,1,0,1,1,NA,1,1,NA,NA,1
"chr6_28358276",1,1,0,NA,0,1,NA,NA,NA,NA,1,1,NA,NA,NA,NA,NA,NA
"chr6_28402827",1,1,0,0,0,1,0,1,1,1,0,1,1,1,1,1,1,1
"chr6_29855917",1,1,0,NA,0,0,NA,NA,NA,NA,1,1,NA,NA,NA,NA,NA,NA
"chr6_29855919",1,1,0,NA,0,0,NA,NA,NA,NA,1,1,NA,NA,NA,NA,NA,NA
"chr6_32630047",1,1,0,NA,0,0,NA,NA,NA,NA,0,0,NA,NA,NA,NA,NA,NA
"chr6_34003954",1,1,0,0,0,1,0,1,1,0,0,1,1,0,1,1,1,1
"chr6_51640641",1,1,0,0,0,1,0,1,1,0,1,1,1,1,1,1,1,1
"chr6_86267634",1,1,0,NA,0,1,NA,NA,NA,NA,1,1,NA,NA,NA,NA,NA,NA
"chr6_149394978",1,1,0,0,0,1,0,1,1,0,0,1,1,0,1,1,1,1
"chr7_116395510",1,1,0,NA,0,1,NA,NA,1,0,0,1,NA,0,1,NA,NA,1
"chr7_142750116",1,1,0,NA,0,1,NA,NA,1,1,1,1,NA,1,1,NA,NA,1
"chr8_37623879",1,1,0,NA,0,1,NA,NA,NA,NA,1,1,NA,NA,NA,NA,NA,NA
"chr8_43155706",1,1,0,NA,0,1,NA,NA,NA,NA,0,0,NA,NA,NA,NA,NA,NA
"chr8_117864364",1,1,0,NA,0,1,NA,NA,NA,NA,1,1,NA,NA,NA,NA,NA,NA
"chr8_144808396",1,1,0,NA,0,1,NA,NA,1,0,0,0,NA,0,0,NA,NA,1
"chr10_19641056",1,1,0,0,0,1,0,1,NA,NA,0,1,1,NA,NA,1,1,NA
"chr11_4935883",1,1,0,NA,0,1,NA,NA,NA,NA,1,0,NA,NA,NA,NA,NA,NA
"chr11_55872750",1,1,0,0,0,1,0,0,NA,NA,1,0,0,NA,NA,1,0,NA
"chr11_57155308",1,1,0,0,0,0,0,1,1,0,0,1,1,0,1,1,1,1
"chr11_64884488",1,1,0,0,0,1,0,1,1,0,0,1,1,0,0,1,1,1
"chr11_84245768",1,1,0,0,0,1,1,1,1,0,1,1,1,1,1,1,1,1
"chr12_53911146",1,1,0,NA,0,1,NA,NA,NA,NA,1,1,NA,NA,NA,NA,NA,NA
"chr12_59280703",1,1,0,NA,0,0,NA,NA,NA,NA,1,0,NA,NA,NA,NA,NA,NA
"chr12_68674498",1,1,0,NA,0,1,NA,NA,NA,NA,1,1,NA,NA,NA,NA,NA,NA
"chr12_91497960",1,1,0,NA,0,1,NA,NA,1,0,0,1,NA,0,1,NA,NA,1
"chr13_102366873",1,1,0,NA,0,1,NA,NA,1,0,1,1,NA,0,1,NA,NA,1
"chr14_30105557",1,1,0,0,0,1,0,1,1,0,1,1,1,1,1,1,1,1
"chr14_50605411",1,1,0,NA,0,1,NA,NA,1,1,0,1,NA,1,1,NA,NA,1
"chr14_65236392",1,1,0,0,0,1,0,1,1,0,1,0,1,0,1,1,1,1
"chr15_24921835",1,1,0,0,0,1,0,1,1,0,1,1,1,0,1,1,1,1
"chr15_30064396",1,1,0,NA,0,1,NA,NA,NA,NA,0,0,NA,NA,NA,NA,NA,NA
"chr15_48452028",1,1,0,NA,0,1,NA,NA,NA,NA,1,0,NA,NA,NA,NA,NA,NA
"chr15_51766596",1,1,0,NA,0,1,NA,NA,1,1,1,1,NA,1,1,NA,NA,1
"chr15_89414740",1,1,0,NA,0,1,NA,NA,1,0,0,1,NA,1,1,NA,NA,1
"chr16_31131659",1,1,0,NA,0,0,NA,NA,0,0,0,0,NA,0,1,NA,NA,1
"chr16_87938440",1,1,0,NA,0,1,NA,NA,NA,NA,0,1,NA,NA,NA,NA,NA,NA
"chr17_1559726",1,1,0,0,0,1,0,1,1,0,0,1,1,0,1,1,1,1
"chr17_13400053",1,1,0,0,0,1,0,1,1,0,0,0,0,0,1,1,1,1
"chr18_34647449",1,1,0,NA,0,1,NA,NA,1,1,0,0,NA,0,1,NA,NA,1
"chr18_46190273",1,1,0,NA,0,0,NA,NA,NA,NA,1,0,NA,NA,NA,NA,NA,NA
"chr19_38376636",1,1,0,0,0,1,0,1,1,0,0,1,1,0,1,1,1,1
"chr19_53761868",1,1,0,NA,0,1,NA,NA,1,0,0,1,NA,1,1,NA,NA,1
"chr19_55752353",1,1,0,0,0,1,0,1,1,0,0,0,1,0,1,1,1,1
"chr20_6012645",1,1,0,NA,0,1,NA,NA,NA,NA,1,0,NA,NA,NA,NA,NA,NA
"chr21_11026995",1,1,0,NA,0,1,NA,NA,NA,NA,0,1,NA,NA,NA,NA,NA,NA
"chr21_34963373",1,1,0,NA,0,1,NA,NA,NA,NA,0,1,NA,NA,NA,NA,NA,NA
"chr21_41384939",1,1,0,NA,0,1,NA,NA,NA,NA,0,1,NA,NA,NA,NA,NA,NA
"chr21_43693584",1,1,0,NA,1,1,NA,NA,NA,NA,1,1,NA,NA,NA,NA,NA,NA
"chr1_1268487",1,0,0,0,0,0,0,0,0,0,1,0,0,0,1,1,0,1
"chr1_10397531",1,0,0,0,0,0,0,0,0,0,1,0,0,0,1,1,0,1
"chr1_12061821",1,0,0,NA,0,0,NA,NA,NA,NA,0,0,NA,NA,NA,NA,NA,NA
"chr1_12067335",1,0,0,NA,0,0,NA,NA,NA,NA,0,0,NA,NA,NA,NA,NA,NA
"chr1_15904242",1,0,0,NA,0,0,NA,NA,1,0,0,0,NA,0,1,NA,NA,1
"chr1_21091969",1,0,0,NA,0,0,NA,NA,0,0,0,0,NA,0,1,NA,NA,1
"chr1_21103124",1,0,0,NA,0,0,NA,NA,0,0,1,0,NA,0,1,NA,NA,1
"chr1_27059305",1,0,0,NA,0,0,NA,NA,NA,NA,1,0,NA,NA,NA,NA,NA,NA
"chr1_27480723",1,0,0,0,0,0,0,0,0,1,0,0,0,0,1,1,0,1
"chr1_27682998",1,0,0,NA,0,0,NA,NA,NA,NA,0,0,NA,NA,NA,NA,NA,NA
"chr1_32620110",1,0,0,NA,0,0,NA,NA,NA,NA,0,0,NA,NA,NA,NA,NA,NA
"chr1_32829447",1,0,0,0,0,0,0,0,0,0,1,0,0,0,1,1,0,1
"chr1_44878343",1,0,0,NA,0,0,NA,NA,0,0,1,0,NA,0,1,NA,NA,1
"chr1_45269268",1,0,0,NA,0,0,NA,NA,NA,NA,0,0,NA,NA,NA,NA,NA,NA
"chr1_45879545",1,0,0,NA,0,0,NA,NA,NA,NA,0,0,NA,NA,NA,NA,NA,NA
"chr1_52827351",1,0,0,NA,0,0,NA,NA,NA,NA,0,0,NA,NA,NA,NA,NA,NA
"chr1_55139381",1,0,0,0,0,0,0,0,0,0,0,0,0,0,1,1,0,1
"chr1_55318022",1,0,0,0,0,0,0,0,0,0,1,0,0,0,1,1,0,1
"chr1_59147614",1,0,0,0,0,0,0,0,0,1,1,0,0,0,1,1,0,1
"chr1_110884063",1,0,0,0,0,0,0,1,0,0,0,0,0,0,1,1,0,1
"chr1_114354616",1,0,0,NA,0,0,NA,NA,0,0,0,0,NA,0,0,NA,NA,0
"chr1_117113602",1,0,0,NA,0,0,NA,NA,NA,NA,0,0,NA,NA,NA,NA,NA,NA
"chr1_145528002",1,0,0,0,0,0,1,0,0,0,0,0,0,0,1,1,0,1
"chr1_153964149",1,0,0,0,0,0,0,0,0,0,1,0,1,0,1,1,1,1
"chr1_155218008",1,0,0,NA,0,0,NA,NA,0,0,1,0,NA,0,1,NA,NA,1
"chr1_156255630",1,0,0,0,0,0,0,0,0,1,0,0,0,0,1,1,0,1
"chr1_158059397",1,0,0,0,0,0,0,0,0,0,1,0,0,0,1,1,0,1
"chr1_158986334",1,0,0,NA,0,0,NA,NA,0,0,0,0,NA,0,1,NA,NA,1
"chr1_161188660",1,0,0,NA,0,0,NA,NA,NA,NA,0,0,NA,NA,NA,NA,NA,NA
"chr1_204435976",1,0,0,NA,0,0,NA,NA,NA,NA,0,0,NA,NA,NA,NA,NA,NA
"chr1_222835669",1,0,0,0,0,0,0,0,0,0,1,0,0,0,1,1,0,1
"chr1_226109105",1,0,0,NA,0,0,NA,NA,NA,NA,0,0,NA,NA,NA,NA,NA,NA
"chr1_228333781",1,0,0,NA,0,0,NA,NA,NA,NA,0,0,NA,NA,NA,NA,NA,NA
"chr1_233388087",1,0,0,NA,0,0,NA,NA,NA,NA,0,0,NA,NA,NA,NA,NA,NA
"chr1_235971837",1,0,0,0,0,0,0,0,0,0,1,0,0,0,1,1,0,1
"chr1_236912462",1,0,0,NA,0,0,NA,NA,1,0,0,0,NA,0,1,NA,NA,1
"chr2_10937891",1,0,0,NA,0,0,NA,NA,NA,NA,0,0,NA,NA,NA,NA,NA,NA
"chr2_24240312",1,0,0,NA,0,0,NA,NA,NA,NA,0,0,NA,NA,NA,NA,NA,NA
"chr2_27851231",1,0,0,NA,0,0,NA,NA,NA,NA,0,0,NA,NA,NA,NA,NA,NA
"chr2_44553910",1,0,0,0,0,0,0,0,0,0,0,0,0,0,1,1,0,1
"chr2_54080520",1,0,0,NA,0,0,NA,NA,NA,NA,1,0,NA,NA,NA,NA,NA,NA
"chr2_85663580",1,0,0,NA,0,0,NA,NA,NA,NA,0,0,NA,NA,NA,NA,NA,NA
"chr2_86254587",1,0,0,0,0,0,0,0,0,0,0,0,0,0,0,1,0,1
"chr2_102003761",1,0,0,NA,0,0,NA,NA,0,0,1,0,NA,0,0,NA,NA,1
"chr2_119739786",1,0,0,NA,0,0,NA,NA,0,0,0,0,NA,0,1,NA,NA,1
"chr2_120709565",1,0,0,0,0,0,0,0,0,0,1,0,0,0,1,1,0,1
"chr2_150443615",1,0,0,NA,0,0,NA,NA,NA,NA,0,0,NA,NA,NA,NA,NA,NA
"chr2_171702641",1,0,0,NA,0,0,NA,NA,NA,NA,0,0,NA,NA,NA,NA,NA,NA
"chr2_172216952",1,0,0,NA,0,0,NA,NA,0,0,1,0,NA,0,1,NA,NA,1
"chr2_177016383",1,0,0,0,0,0,0,0,NA,NA,1,0,0,NA,NA,1,0,NA
"chr2_179422677",1,0,0,NA,0,0,NA,NA,0,0,1,0,NA,0,1,NA,NA,1
"chr2_179621287",1,0,0,0,0,0,0,0,NA,NA,0,0,0,NA,NA,1,0,NA
"chr2_190611280",1,0,0,NA,0,0,NA,NA,0,0,0,0,NA,0,1,NA,NA,1
"chr2_190647234",1,0,0,0,0,0,1,0,0,0,1,0,0,0,1,1,0,1
"chr2_203332345",1,0,0,NA,0,0,NA,NA,0,0,1,0,NA,0,1,NA,NA,1
"chr2_208576711",1,0,0,NA,0,0,NA,NA,0,0,1,0,NA,0,1,NA,NA,0
"chr2_218577819",1,0,0,NA,0,0,NA,NA,0,0,0,0,NA,0,1,NA,NA,1
"chr2_219117574",1,0,0,NA,0,0,NA,NA,NA,NA,0,0,NA,NA,NA,NA,NA,NA
"chr2_219294047",1,0,0,0,0,0,0,0,0,1,1,0,0,0,1,1,0,1
"chr2_220250275",1,0,0,NA,0,0,NA,NA,NA,NA,0,0,NA,NA,NA,NA,NA,NA
"chr2_232327312",1,0,0,NA,0,0,NA,NA,NA,NA,1,0,NA,NA,NA,NA,NA,NA
"chr2_233273126",1,0,0,NA,0,1,NA,NA,NA,NA,1,1,NA,NA,NA,NA,NA,NA
"chr2_242800993",1,0,0,NA,0,0,NA,NA,NA,NA,1,0,NA,NA,NA,NA,NA,NA
"chr3_33134575",1,0,0,NA,0,0,NA,NA,NA,NA,1,0,NA,NA,NA,NA,NA,NA
"chr3_42679915",1,0,0,1,0,0,0,0,0,1,1,0,0,0,1,1,0,1
"chr3_46940054",1,0,0,NA,0,0,NA,NA,NA,NA,0,0,NA,NA,NA,NA,NA,NA
"chr3_50036867",1,0,0,NA,0,0,NA,NA,NA,NA,0,0,NA,NA,NA,NA,NA,NA
"chr3_50036892",1,0,0,NA,0,0,NA,NA,0,0,0,0,NA,0,1,NA,NA,1
"chr3_53855667",1,0,0,NA,0,0,NA,NA,NA,NA,0,0,NA,NA,NA,NA,NA,NA
"chr3_78766928",1,0,0,NA,0,0,NA,NA,0,0,1,0,NA,0,1,NA,NA,1
"chr3_78766930",1,0,0,NA,0,0,NA,NA,0,1,1,0,NA,0,1,NA,NA,1
"chr3_93624841",1,0,0,NA,0,0,NA,NA,NA,NA,1,0,NA,NA,NA,NA,NA,NA
"chr3_126708466",1,0,0,0,0,0,0,0,0,0,0,0,0,0,1,1,0,1
"chr3_156866134",1,0,0,0,0,0,0,0,1,1,1,0,0,0,1,1,0,1
"chr3_183905640",1,0,0,NA,0,0,NA,NA,NA,NA,0,0,NA,NA,NA,NA,NA,NA
"chr3_194344362",1,0,0,NA,0,0,NA,NA,0,0,0,0,NA,0,0,NA,NA,1
"chr3_196753531",1,0,0,0,0,0,0,0,0,0,0,0,0,0,0,1,0,1
"chr3_197020744",1,0,0,NA,0,0,NA,NA,NA,NA,0,0,NA,NA,NA,NA,NA,NA
"chr4_3131672",1,0,0,0,0,0,0,0,0,0,0,0,0,0,1,1,0,1
"chr4_8869396",1,0,0,NA,0,0,NA,NA,NA,NA,0,0,NA,NA,NA,NA,NA,NA
"chr4_36283583",1,0,0,NA,0,0,NA,NA,NA,NA,0,0,NA,NA,NA,NA,NA,NA
"chr4_40440724",1,0,0,0,0,0,0,0,0,0,1,0,0,0,0,1,0,1
"chr4_49019255",1,0,0,NA,0,0,NA,NA,NA,NA,0,0,NA,NA,NA,NA,NA,NA
"chr4_170987541",1,0,0,NA,0,0,NA,NA,NA,NA,1,0,NA,NA,NA,NA,NA,NA
"chr4_187070703",1,0,0,NA,0,0,NA,NA,NA,NA,0,0,NA,NA,NA,NA,NA,NA
"chr5_13885152",1,0,0,0,0,0,0,0,0,0,0,0,0,0,1,1,0,1
"chr5_34950333",1,0,0,0,0,0,0,0,1,0,0,0,0,0,1,1,0,1
"chr5_36679816",1,0,0,1,0,0,0,0,0,0,1,0,0,0,1,1,0,1
"chr5_71631557",1,0,0,NA,0,0,NA,NA,NA,NA,0,0,NA,NA,NA,NA,NA,NA
"chr5_76649245",1,0,0,NA,0,0,NA,NA,NA,NA,0,0,NA,NA,NA,NA,NA,NA
"chr5_95158283",1,0,0,NA,0,0,NA,NA,0,0,1,0,NA,0,1,NA,NA,1
"chr5_112419785",1,0,0,NA,0,0,NA,NA,NA,NA,1,0,NA,NA,NA,NA,NA,NA
"chr5_131995491",1,0,0,0,0,0,0,0,0,0,0,0,0,0,1,1,0,1
"chr5_140048848",1,0,0,NA,0,0,NA,NA,NA,NA,0,0,NA,NA,NA,NA,NA,NA
"chr5_140530044",1,0,0,0,0,0,0,0,1,0,1,0,0,0,1,1,0,1
"chr5_140603242",1,0,0,NA,0,0,NA,NA,1,0,1,0,NA,0,1,NA,NA,1
"chr5_140866594",1,0,0,NA,0,0,NA,NA,NA,NA,0,0,NA,NA,NA,NA,NA,NA
"chr5_142434172",1,0,0,NA,0,0,NA,NA,NA,NA,1,0,NA,NA,NA,NA,NA,NA
"chr5_149265772",1,0,0,NA,0,0,NA,NA,NA,NA,1,0,NA,NA,NA,NA,NA,NA
"chr5_149274831",1,0,0,0,0,0,0,0,0,0,1,0,0,0,1,1,0,1
"chr5_171766493",1,0,0,0,0,0,0,0,0,0,0,0,0,0,1,1,0,1
"chr5_175956738",1,0,0,NA,0,0,NA,NA,0,0,0,0,NA,0,1,NA,NA,1
"chr5_176637187",1,0,0,0,0,0,0,0,0,0,1,0,0,0,1,1,0,1
"chr5_176915060",1,0,0,NA,0,0,NA,NA,NA,NA,0,0,NA,NA,NA,NA,NA,NA
"chr6_17772270",1,0,0,0,0,0,0,0,0,0,0,0,0,0,1,1,0,1
"chr6_31134003",1,0,0,NA,0,0,NA,NA,NA,NA,1,0,NA,NA,NA,NA,NA,NA
"chr6_31324176",1,0,0,NA,0,0,NA,NA,NA,NA,0,1,NA,NA,NA,NA,NA,NA
"chr6_31617091",1,0,0,NA,0,0,NA,NA,1,0,1,0,NA,0,1,NA,NA,1
"chr6_33246332",1,0,0,NA,0,0,NA,NA,0,0,0,0,NA,0,1,NA,NA,1
"chr6_33382966",1,0,0,NA,0,0,NA,NA,NA,NA,0,0,NA,NA,NA,NA,NA,NA
"chr6_33646486",1,0,0,0,0,0,0,0,0,0,0,0,0,0,1,1,0,1
"chr6_37421087",1,0,0,0,0,0,0,0,0,0,1,0,0,0,1,1,0,1
"chr6_43024229",1,0,0,NA,0,0,NA,NA,NA,NA,0,0,NA,NA,NA,NA,NA,NA
"chr6_43146629",1,0,0,NA,0,0,NA,NA,NA,NA,0,0,NA,NA,NA,NA,NA,NA
"chr6_52858827",1,0,0,NA,0,0,NA,NA,NA,NA,1,0,NA,NA,NA,NA,NA,NA
"chr6_52993152",1,0,0,0,0,0,0,0,0,0,1,0,0,0,1,1,0,1
"chr6_56489322",1,0,0,NA,0,1,NA,NA,NA,NA,1,0,NA,NA,NA,NA,NA,NA
"chr6_56882145",1,0,0,NA,0,0,NA,NA,0,0,0,0,NA,0,1,NA,NA,1
"chr6_87970584",1,0,0,0,0,0,0,0,0,0,1,0,0,0,1,1,0,1
"chr6_155131173",1,0,0,NA,0,0,NA,NA,0,0,1,0,NA,1,1,NA,NA,1
"chr6_161575331",1,0,0,NA,0,0,NA,NA,0,1,1,0,NA,0,1,NA,NA,1
"chr6_165832109",1,0,0,NA,0,0,NA,NA,NA,NA,0,0,NA,NA,NA,NA,NA,NA
"chr6_169632820",1,0,0,0,0,0,1,0,0,0,1,0,0,0,1,1,0,1
"chr7_43503335",1,0,0,0,0,0,0,0,0,0,0,0,0,0,1,1,0,1
"chr7_44179086",1,0,0,NA,0,0,NA,NA,NA,NA,0,0,NA,NA,NA,NA,NA,NA
"chr7_70246587",1,0,0,NA,0,0,NA,NA,NA,NA,1,0,NA,NA,NA,NA,NA,NA
"chr7_95848918",1,0,0,NA,0,0,NA,NA,NA,NA,1,0,NA,NA,NA,NA,NA,NA
"chr7_99042334",1,0,0,NA,0,0,NA,NA,NA,NA,0,0,NA,NA,NA,NA,NA,NA
"chr7_99367529",1,0,0,NA,0,0,NA,NA,NA,NA,0,0,NA,NA,NA,NA,NA,NA
"chr7_99689200",1,0,0,NA,0,0,NA,NA,NA,NA,0,0,NA,NA,NA,NA,NA,NA
"chr7_102114206",1,0,0,NA,0,0,NA,NA,NA,NA,0,0,NA,NA,NA,NA,NA,NA
"chr7_105029129",1,0,0,NA,0,0,NA,NA,0,0,0,0,NA,0,0,NA,NA,1
"chr7_133164875",1,0,0,NA,0,0,NA,NA,0,0,0,0,NA,0,1,NA,NA,1
"chr7_133812189",1,0,0,NA,0,0,NA,NA,0,0,0,0,NA,0,1,NA,NA,1
"chr7_136700408",1,0,0,NA,0,0,NA,NA,0,1,1,0,NA,0,1,NA,NA,1
"chr7_138528983",1,0,0,NA,0,0,NA,NA,NA,NA,0,0,NA,NA,NA,NA,NA,NA
"chr7_150768552",1,0,0,NA,0,0,NA,NA,0,0,0,0,NA,0,1,NA,NA,1
"chr7_157462290",1,0,0,NA,0,0,NA,NA,NA,NA,1,0,NA,NA,NA,NA,NA,NA
"chr8_61777903",1,0,0,NA,0,0,NA,NA,0,1,0,0,NA,0,0,NA,NA,1
"chr8_101271393",1,0,0,NA,0,0,NA,NA,0,0,0,0,NA,0,1,NA,NA,1
"chr8_125058022",1,0,0,NA,0,0,NA,NA,0,0,0,0,NA,0,1,NA,NA,1
"chr8_142185372",1,0,0,NA,0,0,NA,NA,1,0,0,0,NA,0,1,NA,NA,1
"chr8_144522378",1,0,0,0,0,0,0,0,0,0,0,0,0,0,0,1,0,0
"chr8_144899050",1,0,0,NA,0,0,NA,NA,NA,NA,0,0,NA,NA,NA,NA,NA,NA
"chr8_145165088",1,0,0,NA,0,0,NA,NA,0,0,0,0,NA,0,0,NA,NA,1
"chr8_145746121",1,0,0,0,0,0,0,0,0,0,1,0,0,0,1,1,0,1
"chr9_14746410",1,0,0,NA,0,0,NA,NA,0,0,1,0,NA,0,1,NA,NA,1
"chr9_16436648",1,0,0,0,0,0,0,0,0,0,1,0,0,0,1,1,0,1
"chr9_86284148",1,0,0,0,0,0,0,0,0,0,0,0,1,0,1,1,0,1
"chr9_86905241",1,0,0,NA,0,0,NA,NA,NA,NA,1,0,NA,NA,NA,NA,NA,NA
"chr9_97209106",1,0,0,0,0,0,0,0,0,0,1,0,0,0,1,1,0,1
"chr9_100353561",1,0,0,NA,0,0,NA,NA,NA,NA,0,0,NA,NA,NA,NA,NA,NA
"chr9_101530465",1,0,0,NA,0,0,NA,NA,0,0,0,0,NA,0,1,NA,NA,1
"chr9_111775550",1,0,0,NA,0,0,NA,NA,NA,NA,0,0,NA,NA,NA,NA,NA,NA
"chr9_117848170",1,0,0,0,0,0,0,0,0,0,0,0,0,0,1,1,0,1
"chr9_124794148",1,0,0,NA,0,0,NA,NA,NA,NA,1,0,NA,NA,NA,NA,NA,NA
"chr9_133506224",1,0,0,NA,0,0,NA,NA,NA,NA,0,0,NA,NA,NA,NA,NA,NA
"chr9_136654495",1,0,0,NA,0,0,NA,NA,NA,NA,0,0,NA,NA,NA,NA,NA,NA
"chr9_140100336",1,0,0,NA,0,0,NA,NA,0,0,0,0,NA,0,1,NA,NA,1
"chr9_140786416",1,0,0,NA,0,0,NA,NA,NA,NA,0,0,NA,NA,NA,NA,NA,NA
"chr10_37441051",1,0,0,NA,0,0,NA,NA,NA,NA,1,0,NA,NA,NA,NA,NA,NA
"chr10_81146166",1,0,0,0,0,0,0,0,0,0,0,0,0,0,1,1,0,1
"chr10_125804184",1,0,0,NA,0,0,NA,NA,0,0,0,0,NA,0,1,NA,NA,1
"chr10_135012124",1,0,0,NA,0,0,NA,NA,0,0,1,0,NA,0,0,NA,NA,1
"chr11_794356",1,0,0,NA,0,0,NA,NA,NA,NA,0,0,NA,NA,NA,NA,NA,NA
"chr11_5655212",1,0,0,NA,0,0,NA,NA,NA,NA,0,0,NA,NA,NA,NA,NA,NA
"chr11_6624677",1,0,0,0,0,0,1,1,0,0,0,0,0,0,1,1,1,1
"chr11_13378314",1,0,0,0,0,0,0,0,1,0,0,0,0,0,1,1,1,1
"chr11_17803167",1,0,0,NA,0,0,NA,NA,NA,NA,1,0,NA,NA,NA,NA,NA,NA
"chr11_33369709",1,0,0,NA,0,0,NA,NA,NA,NA,0,0,NA,NA,NA,NA,NA,NA
"chr11_35161161",1,0,0,NA,0,0,NA,NA,NA,NA,0,0,NA,NA,NA,NA,NA,NA
"chr11_61487739",1,0,0,NA,0,0,NA,NA,NA,NA,0,0,NA,NA,NA,NA,NA,NA
"chr11_61730352",1,0,0,0,0,0,0,0,0,0,1,0,0,0,1,1,0,1
"chr11_62284507",1,0,0,NA,0,0,NA,NA,0,0,0,0,NA,0,1,NA,NA,1
"chr11_62378906",1,0,0,NA,0,0,NA,NA,0,0,0,0,NA,0,0,NA,NA,1
"chr11_63398722",1,0,0,NA,0,0,NA,NA,0,0,1,0,NA,0,0,NA,NA,1
"chr11_64003702",1,0,0,NA,0,0,NA,NA,NA,NA,1,0,NA,NA,NA,NA,NA,NA
"chr11_64084816",1,0,0,0,0,0,0,0,0,0,0,0,0,0,1,1,0,1
"chr11_64374729",1,0,0,0,0,0,0,0,1,0,0,0,0,0,1,1,0,1
"chr11_67047249",1,0,0,NA,0,0,NA,NA,NA,NA,1,0,NA,NA,NA,NA,NA,NA
"chr11_67206380",1,0,0,NA,0,0,NA,NA,0,1,0,0,NA,0,0,NA,NA,1
"chr11_72297060",1,0,0,NA,0,0,NA,NA,NA,NA,0,0,NA,NA,NA,NA,NA,NA
"chr11_73748023",1,0,0,NA,0,0,NA,NA,NA,NA,0,0,NA,NA,NA,NA,NA,NA
"chr11_92526007",1,0,0,NA,0,0,NA,NA,1,0,1,0,NA,0,1,NA,NA,1
"chr11_95825952",1,0,0,0,0,0,0,0,0,0,0,0,0,0,1,1,0,1
"chr11_110007550",1,0,0,0,0,0,0,0,1,0,1,0,0,0,1,1,0,1
"chr11_118779298",1,0,0,NA,0,0,NA,NA,0,0,0,0,NA,0,0,NA,NA,1
"chr11_118978710",1,0,0,0,0,0,0,0,NA,NA,0,0,0,NA,NA,1,0,NA
"chr11_132182592",1,0,0,NA,0,0,NA,NA,NA,NA,1,0,NA,NA,NA,NA,NA,NA
"chr12_6665124",1,0,0,NA,0,0,NA,NA,0,0,0,0,NA,0,0,NA,NA,1
"chr12_6970235",1,0,0,NA,0,0,NA,NA,0,0,0,0,NA,0,0,NA,NA,1
"chr12_16510480",1,0,0,NA,0,0,NA,NA,NA,NA,0,0,NA,NA,NA,NA,NA,NA
"chr12_31080039",1,0,0,NA,0,0,NA,NA,NA,NA,1,0,NA,NA,NA,NA,NA,NA
"chr12_41582410",1,0,0,NA,0,0,NA,NA,0,0,0,0,NA,0,0,NA,NA,1
"chr12_49212776",1,0,0,NA,0,0,NA,NA,NA,NA,0,0,NA,NA,NA,NA,NA,NA
"chr12_49416163",1,0,0,NA,0,0,NA,NA,NA,NA,0,0,NA,NA,NA,NA,NA,NA
"chr12_50388086",1,0,0,NA,0,0,NA,NA,0,0,1,0,NA,0,1,NA,NA,1
"chr12_50531606",1,0,0,NA,0,0,NA,NA,NA,NA,1,0,NA,NA,NA,NA,NA,NA
"chr12_57081661",1,0,0,NA,0,0,NA,NA,NA,NA,1,0,NA,NA,NA,NA,NA,NA
"chr12_58176655",1,0,0,NA,0,0,NA,NA,NA,NA,0,0,NA,NA,NA,NA,NA,NA
"chr12_59268269",1,0,0,0,0,0,0,0,1,0,0,0,0,0,1,1,0,1
"chr12_64882342",1,0,0,NA,0,0,NA,NA,0,0,0,0,NA,0,1,NA,NA,1
"chr12_80199498",1,0,0,0,0,0,0,0,1,0,1,0,0,0,1,1,0,1
"chr12_103352250",1,0,0,NA,0,0,NA,NA,0,0,0,0,NA,0,0,NA,NA,1
"chr12_123346356",1,0,0,NA,0,0,NA,NA,NA,NA,0,0,NA,NA,NA,NA,NA,NA
"chr12_124839492",1,0,0,NA,0,0,NA,NA,NA,NA,0,0,NA,NA,NA,NA,NA,NA
"chr13_31729725",1,0,0,0,0,0,0,0,1,0,0,0,0,0,1,1,0,1
"chr13_32753874",1,0,0,NA,0,0,NA,NA,0,0,1,0,NA,0,1,NA,NA,1
"chr13_110828951",1,0,0,NA,0,0,NA,NA,NA,NA,1,0,NA,NA,NA,NA,NA,NA
"chr13_114897819",1,0,0,NA,0,0,NA,NA,NA,NA,0,0,NA,NA,NA,NA,NA,NA
"chr14_20843877",1,0,0,NA,0,0,NA,NA,NA,NA,0,0,NA,NA,NA,NA,NA,NA
"chr14_21562599",1,0,0,NA,0,0,NA,NA,NA,NA,0,0,NA,NA,NA,NA,NA,NA
"chr14_21813348",1,0,0,NA,0,0,NA,NA,0,0,0,0,NA,0,1,NA,NA,1
"chr14_24523695",1,0,0,NA,0,0,NA,NA,0,0,1,0,NA,0,1,NA,NA,1
"chr14_24651096",1,0,0,NA,0,0,NA,NA,NA,NA,0,0,NA,NA,NA,NA,NA,NA
"chr14_24711300",1,0,0,NA,0,0,NA,NA,NA,NA,0,0,NA,NA,NA,NA,NA,NA
"chr14_36003573",1,0,0,NA,0,0,NA,NA,0,0,0,0,NA,0,1,NA,NA,1
"chr14_69861550",1,0,0,0,0,0,0,0,0,0,0,0,0,0,1,1,0,1
"chr14_71206758",1,0,0,0,0,0,0,0,0,0,0,0,0,0,1,1,0,1
"chr14_74364778",1,0,0,NA,0,0,NA,NA,0,0,0,0,NA,0,1,NA,NA,1
"chr14_76231058",1,0,0,0,0,0,0,0,0,0,1,0,0,0,1,1,0,1
"chr14_77580061",1,0,0,NA,0,0,NA,NA,0,0,1,0,NA,0,1,NA,NA,1
"chr14_91773453",1,0,0,0,0,0,0,0,0,0,0,0,0,0,1,1,0,1
"chr14_94395437",1,0,0,NA,0,0,NA,NA,0,1,1,0,NA,0,1,NA,NA,1
"chr14_94567114",1,0,0,NA,0,0,NA,NA,0,0,0,0,NA,0,1,NA,NA,1
"chr15_33954527",1,0,0,0,0,0,0,0,0,0,0,0,0,0,1,1,0,1
"chr15_42105316",1,0,0,NA,0,0,NA,NA,NA,NA,0,0,NA,NA,NA,NA,NA,NA
"chr15_45390246",1,0,0,NA,0,0,NA,NA,1,0,1,0,NA,0,1,NA,NA,1
"chr15_59750794",1,0,0,NA,0,0,NA,NA,NA,NA,1,0,NA,NA,NA,NA,NA,NA
"chr15_68378963",1,0,0,0,0,0,0,0,1,0,1,0,0,0,1,1,0,1
"chr15_68624721",1,0,0,NA,0,0,NA,NA,0,1,0,0,NA,0,1,NA,NA,1
"chr15_69007635",1,0,0,0,0,0,0,0,0,1,0,0,0,1,1,1,0,1
"chr15_70960116",1,0,0,NA,0,0,NA,NA,0,0,0,0,NA,0,1,NA,NA,1
"chr15_74032740",1,0,0,NA,0,0,NA,NA,0,1,1,0,NA,0,1,NA,NA,1
"chr15_75968326",1,0,0,NA,0,0,NA,NA,1,0,1,0,NA,0,1,NA,NA,1
"chr15_76426617",1,0,0,NA,0,0,NA,NA,0,0,0,0,NA,0,1,NA,NA,1
"chr15_89868864",1,0,0,0,0,0,0,0,0,0,1,0,0,0,1,1,0,1
"chr15_91304001",1,0,0,NA,0,0,NA,NA,0,0,1,0,NA,0,1,NA,NA,1
"chr16_396534",1,0,0,NA,0,0,NA,NA,0,1,0,0,NA,0,1,NA,NA,1
"chr16_778991",1,0,0,NA,0,0,NA,NA,NA,NA,0,0,NA,NA,NA,NA,NA,NA
"chr16_839037",1,0,0,NA,0,0,NA,NA,0,0,0,0,NA,0,0,NA,NA,0
"chr16_960983",1,0,0,0,0,0,0,0,0,0,0,0,0,0,1,1,0,1
"chr16_3656523",1,0,0,0,0,0,0,0,0,0,0,0,0,0,1,1,0,1
"chr16_4164396",1,0,0,0,0,0,0,0,0,0,1,0,0,0,1,1,0,1
"chr16_4625235",1,0,0,NA,0,0,NA,NA,0,0,1,0,NA,0,1,NA,NA,1
"chr16_4625349",1,0,0,NA,0,0,NA,NA,0,0,1,0,NA,0,1,NA,NA,1
"chr16_25139827",1,0,0,0,0,0,0,0,1,0,0,0,0,0,0,1,0,1
"chr16_28116019",1,0,0,0,0,0,0,0,0,0,0,0,0,0,1,1,0,1
"chr16_28986547",1,0,0,NA,0,0,NA,NA,0,0,0,0,NA,0,0,NA,NA,1
"chr16_31391216",1,0,0,NA,0,0,NA,NA,NA,NA,0,0,NA,NA,NA,NA,NA,NA
"chr16_67861867",1,0,0,0,0,0,0,0,0,0,0,0,0,0,1,1,0,1
"chr16_71423614",1,0,0,NA,0,0,NA,NA,NA,NA,1,0,NA,NA,NA,NA,NA,NA
"chr16_71997150",1,0,0,NA,0,0,NA,NA,NA,NA,1,0,NA,NA,NA,NA,NA,NA
"chr16_89836333",1,0,0,0,0,0,0,0,0,0,0,0,0,0,1,1,0,1
"chr17_1371729",1,0,0,0,0,0,0,0,1,0,0,0,0,0,1,1,0,1
"chr17_5284794",1,0,0,NA,0,0,NA,NA,0,0,1,0,NA,0,1,NA,NA,1
"chr17_7483085",1,0,0,NA,0,0,NA,NA,NA,NA,0,0,NA,NA,NA,NA,NA,NA
"chr17_8350146",1,0,0,NA,0,0,NA,NA,0,0,0,0,NA,0,1,NA,NA,1
"chr17_8701130",1,0,0,0,1,0,0,0,0,0,0,0,0,0,1,1,0,1
"chr17_9590189",1,0,0,NA,0,0,NA,NA,1,0,0,0,NA,0,1,NA,NA,1
"chr17_27942963",1,0,0,NA,0,0,NA,NA,0,0,0,0,NA,0,1,NA,NA,1
"chr17_30700445",1,0,0,NA,0,0,NA,NA,NA,NA,0,0,NA,NA,NA,NA,NA,NA
"chr17_37009092",1,0,0,NA,0,0,NA,NA,NA,NA,1,0,NA,NA,NA,NA,NA,NA
"chr17_41132987",1,0,0,0,0,0,0,0,0,0,1,0,0,0,0,1,0,1
"chr17_41981732",1,0,0,NA,0,0,NA,NA,NA,NA,0,0,NA,NA,NA,NA,NA,NA
"chr17_48941060",1,0,0,0,0,0,0,0,0,0,1,0,0,0,1,1,0,1
"chr17_58678127",1,0,0,0,0,0,0,0,0,0,1,0,0,0,0,1,0,1
"chr17_61489438",1,0,0,NA,0,0,NA,NA,1,0,0,0,NA,0,1,NA,NA,1
"chr17_72584909",1,0,0,NA,0,0,NA,NA,NA,NA,0,0,NA,NA,NA,NA,NA,NA
"chr17_73231737",1,0,0,0,0,0,0,0,1,1,0,0,0,0,1,1,0,1
"chr17_74277925",1,0,0,NA,0,0,NA,NA,NA,NA,0,0,NA,NA,NA,NA,NA,NA
"chr17_74684768",1,0,0,NA,0,0,NA,NA,NA,NA,0,0,NA,NA,NA,NA,NA,NA
"chr17_76795148",1,0,0,NA,0,0,NA,NA,NA,NA,0,0,NA,NA,NA,NA,NA,NA
"chr17_77755696",1,0,0,NA,0,0,NA,NA,NA,NA,0,0,NA,NA,NA,NA,NA,NA
"chr17_77768995",1,0,0,NA,0,0,NA,NA,0,0,0,0,NA,0,1,NA,NA,1
"chr17_78039828",1,0,0,NA,0,0,NA,NA,NA,NA,0,0,NA,NA,NA,NA,NA,NA
"chr17_78354767",1,0,0,0,0,0,0,0,1,0,0,0,0,0,0,1,0,1
"chr17_79059405",1,0,0,NA,0,0,NA,NA,NA,NA,0,0,NA,NA,NA,NA,NA,NA
"chr18_3456453",1,0,0,0,0,0,0,0,0,1,1,0,0,0,1,1,0,1
"chr18_9845656",1,0,0,0,0,0,0,0,0,0,0,0,0,0,0,1,0,1
"chr18_12884010",1,0,0,NA,0,0,NA,NA,NA,NA,0,0,NA,NA,NA,NA,NA,NA
"chr18_21594913",1,0,0,NA,1,0,NA,NA,0,0,0,0,NA,0,0,NA,NA,1
"chr18_23637602",1,0,0,NA,0,0,NA,NA,0,0,0,0,NA,0,1,NA,NA,1
"chr18_39584424",1,0,0,NA,0,0,NA,NA,0,0,1,0,NA,0,1,NA,NA,1
"chr18_72344486",1,0,0,0,0,0,0,0,0,0,0,0,0,0,1,1,0,1
"chr19_623005",1,0,0,NA,0,0,NA,NA,NA,NA,0,0,NA,NA,NA,NA,NA,NA
"chr19_932713",1,0,0,NA,0,0,NA,NA,0,0,0,0,NA,0,1,NA,NA,1
"chr19_1469008",1,0,0,NA,0,0,NA,NA,0,0,0,0,NA,0,0,NA,NA,0
"chr19_2416693",1,0,0,0,0,0,0,0,0,0,1,0,0,1,0,1,0,1
"chr19_4323282",1,0,0,NA,0,0,NA,NA,NA,NA,0,0,NA,NA,NA,NA,NA,NA
"chr19_4354013",1,0,0,NA,0,0,NA,NA,NA,NA,1,0,NA,NA,NA,NA,NA,NA
"chr19_5114038",1,0,0,NA,0,0,NA,NA,NA,NA,0,0,NA,NA,NA,NA,NA,NA
"chr19_10205491",1,0,0,NA,0,0,NA,NA,0,0,1,0,NA,0,1,NA,NA,1
"chr19_10883241",1,0,0,0,0,0,0,0,0,0,0,0,0,0,1,1,0,1
"chr19_11039671",1,0,0,NA,0,0,NA,NA,NA,NA,0,0,NA,NA,NA,NA,NA,NA
"chr19_12297500",1,0,0,0,0,0,0,0,0,0,1,0,0,0,1,1,0,1
"chr19_13183911",1,0,0,NA,0,0,NA,NA,0,0,1,0,NA,0,0,NA,NA,1
"chr19_14288476",1,0,0,0,0,0,0,0,0,1,0,0,0,0,1,1,0,1
"chr19_14301982",1,0,0,NA,0,0,NA,NA,NA,NA,0,0,NA,NA,NA,NA,NA,NA
"chr19_15466033",1,0,0,0,0,0,0,0,0,0,0,0,0,0,1,1,0,1
"chr19_19162870",1,0,0,0,0,0,1,0,0,0,0,0,0,0,1,1,0,1
"chr19_38876925",1,0,0,0,0,0,0,0,0,0,0,0,0,0,0,1,0,1
"chr19_41211356",1,0,0,NA,0,0,NA,NA,NA,NA,0,0,NA,NA,NA,NA,NA,NA
"chr19_45923689",1,0,0,NA,0,0,NA,NA,NA,NA,1,0,NA,NA,NA,NA,NA,NA
"chr19_46319753",1,0,0,0,0,0,1,0,0,0,0,0,0,0,1,1,0,1
"chr19_49422414",1,0,0,NA,0,0,NA,NA,NA,NA,1,0,NA,NA,NA,NA,NA,NA
"chr19_54627186",1,0,0,0,0,0,1,0,0,0,1,0,0,0,1,1,0,1
"chr19_58231945",1,0,0,NA,0,0,NA,NA,1,0,0,0,NA,0,1,NA,NA,1
"chr20_307326",1,0,0,0,0,0,0,0,0,0,0,0,0,0,0,1,0,1
"chr20_2639018",1,0,0,NA,0,0,NA,NA,NA,NA,0,0,NA,NA,NA,NA,NA,NA
"chr20_18434475",1,0,0,NA,0,0,NA,NA,NA,NA,0,0,NA,NA,NA,NA,NA,NA
"chr20_31022474",1,0,0,NA,0,0,NA,NA,0,0,0,0,NA,0,1,NA,NA,1
"chr20_32333008",1,0,0,NA,0,1,NA,NA,0,0,0,0,NA,0,1,NA,NA,1
"chr20_34092654",1,0,0,0,0,0,0,0,0,0,1,0,0,0,0,1,0,1
"chr20_35444379",1,0,0,NA,0,0,NA,NA,0,1,0,0,NA,0,1,NA,NA,1
"chr20_42972083",1,0,0,NA,0,0,NA,NA,0,0,0,0,NA,0,1,NA,NA,1
"chr20_60886090",1,0,0,NA,0,0,NA,NA,0,0,0,0,NA,0,0,NA,NA,1
"chr20_61541300",1,0,0,NA,0,0,NA,NA,0,0,1,0,NA,0,1,NA,NA,1
"chr21_43962548",1,0,0,0,0,0,0,0,0,0,1,0,0,0,1,1,0,1
"chr21_44185575",1,0,0,NA,0,0,NA,NA,0,0,0,0,NA,0,1,NA,NA,1
"chr21_44483197",1,0,0,NA,0,0,NA,NA,NA,NA,1,0,NA,NA,NA,NA,NA,NA
"chr21_47952000",1,0,0,NA,0,0,NA,NA,NA,NA,0,0,NA,NA,NA,NA,NA,NA
"chr22_38010295",1,0,0,NA,0,0,NA,NA,NA,NA,0,0,NA,NA,NA,NA,NA,NA
"chr22_43254431",1,0,0,NA,0,0,NA,NA,NA,NA,0,0,NA,NA,NA,NA,NA,NA
"chr22_46929788",1,0,0,0,0,0,0,0,0,0,0,0,0,0,1,1,0,1
"chr22_47108146",1,0,0,0,0,0,0,0,0,0,1,0,0,0,1,1,0,1
"chr22_50726147",1,0,0,NA,0,0,NA,NA,0,0,0,0,NA,0,1,NA,NA,1
"chr2_37036076",0,1,0,NA,0,1,NA,NA,1,1,0,0,NA,0,0,NA,NA,0
"chr2_70528092",0,1,0,NA,0,1,NA,NA,NA,NA,0,1,NA,NA,NA,NA,NA,NA
"chr2_70528095",0,1,0,NA,0,1,NA,NA,NA,NA,0,0,NA,NA,NA,NA,NA,NA
"chr3_49723379",0,1,0,NA,0,0,NA,NA,NA,NA,1,1,NA,NA,NA,NA,NA,NA
"chr3_49723399",0,1,0,NA,0,0,NA,NA,NA,NA,1,1,NA,NA,NA,NA,NA,NA
"chr19_54724006",0,1,0,NA,1,0,NA,NA,NA,NA,1,0,NA,NA,NA,NA,NA,NA
"chr1_2235899",0,0,0,0,0,0,0,0,0,0,0,1,1,0,0,0,0,0
"chr1_45272020",0,0,0,NA,0,0,NA,NA,0,0,0,1,NA,0,0,NA,NA,0
"chr1_89599115",0,0,0,NA,1,0,NA,NA,NA,NA,0,1,NA,NA,NA,NA,NA,NA
"chr1_238053226",0,0,0,NA,0,0,NA,NA,0,0,0,1,NA,0,0,NA,NA,0
"chr3_25705768",0,0,0,NA,0,0,NA,NA,0,0,1,0,NA,0,0,NA,NA,0
"chr3_37574951",0,0,0,NA,0,1,NA,NA,1,0,0,0,NA,0,1,NA,NA,0
"chr3_49722397",0,0,0,NA,1,0,NA,NA,NA,NA,1,1,NA,NA,NA,NA,NA,NA
"chr3_181430622",NA,NA,0,NA,0,0,NA,NA,NA,NA,1,0,NA,NA,NA,NA,NA,NA
"chr4_185705023",0,0,0,NA,0,0,NA,NA,NA,NA,0,1,NA,NA,NA,NA,NA,NA
"chr5_127645715",0,0,0,NA,0,0,NA,NA,0,0,0,1,NA,1,0,NA,NA,1
"chr5_180375296",0,0,0,NA,1,0,NA,NA,NA,NA,0,0,NA,NA,NA,NA,NA,NA
"chr5_180375306",0,0,0,NA,1,0,NA,NA,NA,NA,0,0,NA,NA,NA,NA,NA,NA
"chr6_348789",0,0,0,NA,0,0,NA,NA,0,1,0,1,NA,1,0,NA,NA,0
"chr6_110567239",0,0,0,NA,0,0,NA,NA,0,0,0,1,NA,1,0,NA,NA,0
"chr8_32453388",0,0,0,0,0,0,0,0,0,0,0,1,1,1,0,0,0,0
"chr8_43159877",0,0,0,NA,0,0,NA,NA,NA,NA,0,1,NA,NA,NA,NA,NA,NA
"chr8_53126756",0,0,0,NA,0,0,NA,NA,NA,NA,0,1,NA,NA,NA,NA,NA,NA
"chr9_139405052",0,0,0,NA,0,1,NA,NA,NA,NA,0,0,NA,NA,NA,NA,NA,NA
"chr10_32143124",0,0,0,0,0,0,0,0,0,0,0,1,1,0,0,1,0,1
"chr11_64536960",0,0,0,0,0,0,0,0,0,0,0,1,1,0,0,1,0,1
"chr12_124421668",0,0,0,NA,0,0,NA,NA,0,0,0,1,NA,0,1,NA,NA,1
"chr13_19775791",0,0,0,NA,0,0,NA,NA,NA,NA,0,1,NA,NA,NA,NA,NA,NA
"chr15_33926931",0,0,0,NA,0,0,NA,NA,0,0,0,1,NA,0,0,NA,NA,0
"chr16_1251887",0,0,0,NA,0,1,NA,NA,1,0,0,1,NA,0,0,NA,NA,0
"chr17_56233141",0,0,0,NA,0,0,NA,NA,0,0,0,1,NA,1,0,NA,NA,0
"chr17_56233328",0,0,0,NA,0,0,NA,NA,0,0,0,1,NA,0,0,NA,NA,0
"chr18_14124488",0,0,0,NA,1,1,NA,NA,NA,NA,0,1,NA,NA,NA,NA,NA,NA
"chr19_15539093",0,0,0,NA,1,0,NA,NA,NA,NA,0,0,NA,NA,NA,NA,NA,NA
"chr21_46020542",0,0,0,NA,0,0,NA,NA,NA,NA,1,1,NA,NA,NA,NA,NA,NA
"chr22_30116481",0,0,0,NA,0,0,NA,NA,0,0,0,1,NA,0,0,NA,NA,0
"chrX_2761203",NA,NA,0,NA,0,0,NA,NA,NA,NA,0,0,NA,NA,NA,NA,NA,NA
"chrX_12735003",NA,NA,0,NA,0,1,NA,NA,1,0,1,1,NA,0,1,NA,NA,1
"chrX_41022095",NA,NA,0,NA,0,0,NA,NA,0,1,0,0,NA,0,1,NA,NA,1
"chrX_44922727",NA,NA,0,NA,0,0,NA,NA,0,0,1,0,NA,0,0,NA,NA,1
"chrX_47040652",NA,NA,0,NA,0,0,NA,NA,0,0,0,0,NA,0,0,NA,NA,1
"chrX_48372615",NA,NA,0,NA,0,0,NA,NA,NA,NA,1,0,NA,NA,NA,NA,NA,NA
"chrX_50351134",NA,NA,0,NA,0,0,NA,NA,1,0,1,0,NA,0,0,NA,NA,1
"chrX_53113902",NA,NA,0,NA,0,0,NA,NA,NA,NA,0,0,NA,NA,NA,NA,NA,NA
"chrX_65479908",NA,NA,0,NA,0,0,NA,NA,NA,NA,0,0,NA,NA,NA,NA,NA,NA
"chrX_67937470",NA,NA,0,NA,0,0,NA,NA,0,0,0,0,NA,0,1,NA,NA,1
"chrX_100078317",NA,NA,0,NA,0,1,NA,NA,1,0,1,0,NA,0,1,NA,NA,1
"chrX_117904371",NA,NA,0,NA,0,0,NA,NA,NA,NA,0,0,NA,NA,NA,NA,NA,NA
"chrX_119425053",NA,NA,0,NA,0,0,NA,NA,NA,NA,1,0,NA,NA,NA,NA,NA,NA
"chrX_147062971",NA,NA,0,NA,0,0,NA,NA,0,0,0,0,NA,0,0,NA,NA,0
"chrX_148796164",NA,NA,0,NA,0,1,NA,NA,NA,NA,1,1,NA,NA,NA,NA,NA,NA
"chrX_149638697",NA,NA,0,NA,0,0,NA,NA,0,0,0,0,NA,0,1,NA,NA,1
